lambda(um), Cext(cm^2/H), albedo, <cos>, # of angles
   0.47700  5.83750E-22   0.66302   0.55829   161
cos(theta),     S11,               S12,             S33,             S34
-1.0000  1.3848917628E-01  1.1115229139E-18 -1.3848917628E-01  2.4691386167E-18
-0.9875  1.3432356172E-01  2.7318489858E-03 -1.3396320296E-01  2.1886205504E-03
-0.9750  1.3079730509E-01  5.0694718586E-03 -1.2941782234E-01  4.0159131273E-03
-0.9625  1.2784392285E-01  7.0449750365E-03 -1.2487329901E-01  5.5206303439E-03
-0.9500  1.2540257438E-01  8.6886699189E-03 -1.2034778096E-01  6.7385797250E-03
-0.9375  1.2341761569E-01  1.0029071194E-02 -1.1585741182E-01  7.7028045626E-03
-0.9250  1.2183819879E-01  1.1092919087E-02 -1.1141644403E-01  8.4437541917E-03
-0.9125  1.2061790955E-01  1.1905219309E-02 -1.0703735165E-01  8.9894445281E-03
-0.9000  1.1971443836E-01  1.2489295849E-02 -1.0273094177E-01  9.3656096006E-03
-0.8875  1.1908927885E-01  1.2866852801E-02 -9.8506463636E-02  9.5958447175E-03
-0.8750  1.1870745086E-01  1.3058042277E-02 -9.4371715011E-02  9.7017418321E-03
-0.8625  1.1853724475E-01  1.3081536143E-02 -9.0333145132E-02  9.7030176072E-03
-0.8500  1.1854998438E-01  1.2954599790E-02 -8.6395954093E-02  9.6176346248E-03
-0.8375  1.1871980687E-01  1.2693166627E-02 -8.2564188318E-02  9.4619161411E-03
-0.8250  1.1902345735E-01  1.2311912249E-02 -7.8840832004E-02  9.2506547494E-03
-0.8125  1.1944009727E-01  1.1824327531E-02 -7.5227894444E-02  8.9972152802E-03
-0.8000  1.1995112520E-01  1.1242790056E-02 -7.1726493181E-02  8.7136322385E-03
-0.7875  1.2054000894E-01  1.0578633489E-02 -6.8336933011E-02  8.4107020565E-03
-0.7750  1.2119212827E-01  9.8422145705E-03 -6.5058780858E-02  8.0980704173E-03
-0.7625  1.2189462744E-01  9.0429775612E-03 -6.1890936588E-02  7.7843148884E-03
-0.7500  1.2263627674E-01  8.1895159788E-03 -5.8831699838E-02  7.4770230865E-03
-0.7375  1.2340734277E-01  7.2896315804E-03 -5.5878832966E-02  7.1828665831E-03
-0.7250  1.2419946661E-01  6.3503905480E-03 -5.3029620208E-02  6.9076707478E-03
-0.7125  1.2500554961E-01  5.3781768888E-03 -5.0280923186E-02  6.6564807133E-03
-0.7000  1.2581964638E-01  4.3787430796E-03 -4.7629232853E-02  6.4336236411E-03
-0.6875  1.2663686446E-01  3.3572580065E-03 -4.5070718035E-02  6.2427674521E-03
-0.6750  1.2745327042E-01  2.3183522641E-03 -4.2601270669E-02  6.0869761852E-03
-0.6625  1.2826580205E-01  1.2661608894E-03 -4.0216547881E-02  5.9687621333E-03
-0.6500  1.2907218627E-01  2.0436361408E-04 -3.7912011023E-02  5.8901349053E-03
-0.6375  1.2987086250E-01 -8.6377727843E-04 -3.5682961804E-02  5.8526475533E-03
-0.6250  1.3066091128E-01 -1.9353813985E-03 -3.3524575635E-02  5.8574398991E-03
-0.6125  1.3144198770E-01 -3.0079169066E-03 -3.1431932310E-02  5.9052791911E-03
-0.6000  1.3221425961E-01 -4.0791692865E-03 -2.9400044155E-02  5.9965982143E-03
-0.5875  1.3297835021E-01 -5.1472121422E-03 -2.7423881749E-02  6.1315309757E-03
-0.5750  1.3373528489E-01 -6.2103799252E-03 -2.5498397346E-02  6.3099460789E-03
-0.5625  1.3448644203E-01 -7.2672425033E-03 -2.3618546101E-02  6.5314779020E-03
-0.5500  1.3523350764E-01 -8.3165814803E-03 -2.1779305214E-02  6.7955556852E-03
-0.5375  1.3597843356E-01 -9.3573681798E-03 -1.9975691098E-02  7.1014306326E-03
-0.5250  1.3672339908E-01 -1.0388743210E-02 -1.8202774674E-02  7.4482011298E-03
-0.5125  1.3747077584E-01 -1.1409997528E-02 -1.6455694890E-02  7.8348361740E-03
-0.5000  1.3822309567E-01 -1.2420554921E-02 -1.4729670555E-02  8.2601971106E-03
-0.4875  1.3898302145E-01 -1.3419955834E-02 -1.3020010597E-02  8.7230577671E-03
-0.4750  1.3975332063E-01 -1.4407842466E-02 -1.1322122811E-02  9.2221230721E-03
-0.4625  1.4053684132E-01 -1.5383945070E-02 -9.6315211959E-03  9.7560462436E-03
-0.4500  1.4133649090E-01 -1.6348069378E-02 -7.9438319613E-03  1.0323444629E-02
-0.4375  1.4215521680E-01 -1.7300085102E-02 -6.2547982743E-03  1.0922914273E-02
-0.4250  1.4299598958E-01 -1.8239915438E-02 -4.5602838265E-03  1.1553043295E-02
-0.4125  1.4386178794E-01 -1.9167527515E-02 -2.8562752890E-03  1.2212424140E-02
-0.4000  1.4475558568E-01 -2.0082923738E-02 -1.1388837236E-03  1.2899664780E-02
-0.3875  1.4568034049E-01 -2.0986133971E-02  5.9565498757E-04  1.3613398935E-02
-0.3750  1.4663898441E-01 -2.1877208499E-02  2.3509806337E-03  1.4352295367E-02
-0.3625  1.4763441584E-01 -2.2756211735E-02  4.1306100322E-03  1.5115066324E-02
-0.3500  1.4866949310E-01 -2.3623216620E-02  5.9379391982E-03  1.5900475184E-02
-0.3375  1.4974702938E-01 -2.4478299665E-02  7.7762462771E-03  1.6707343355E-02
-0.3250  1.5086978889E-01 -2.5321536608E-02  9.6486951955E-03  1.7534556493E-02
-0.3125  1.5204048443E-01 -2.6152998638E-02  1.1558339987E-02  1.8381070082E-02
-0.3000  1.5326177591E-01 -2.6972749147E-02  1.3508129758E-02  1.9245914430E-02
-0.2875  1.5453627009E-01 -2.7780840992E-02  1.5500914250E-02  2.0128199123E-02
-0.2750  1.5586652122E-01 -2.8577314205E-02  1.7539449981E-02  2.1027116991E-02
-0.2625  1.5725503272E-01 -2.9362194154E-02  1.9626406925E-02  2.1941947611E-02
-0.2500  1.5870425970E-01 -3.0135490096E-02  2.1764375710E-02  2.2872060407E-02
-0.2375  1.6021661229E-01 -3.0897194126E-02  2.3955875320E-02  2.3816917362E-02
-0.2250  1.6179445986E-01 -3.1647280461E-02  2.6203361272E-02  2.4776075399E-02
-0.2125  1.6344013587E-01 -3.2385705068E-02  2.8509234272E-02  2.5749188444E-02
-0.2000  1.6515594352E-01 -3.3112405596E-02  3.0875849319E-02  2.6736009208E-02
-0.1875  1.6694416206E-01 -3.3827301595E-02  3.3305525272E-02  2.7736390718E-02
-0.1750  1.6880705373E-01 -3.4530295006E-02  3.5800554869E-02  2.8750287620E-02
-0.1625  1.7074687139E-01 -3.5221270903E-02  3.8363215198E-02  2.9777757268E-02
-0.1500  1.7276586670E-01 -3.5900098464E-02  4.0995778629E-02  3.0818960635E-02
-0.1375  1.7486629899E-01 -3.6566632166E-02  4.3700524226E-02  3.1874163047E-02
-0.1250  1.7705044466E-01 -3.7220713188E-02  4.6479749640E-02  3.2943734761E-02
-0.1125  1.7932060725E-01 -3.7862170998E-02  4.9335783507E-02  3.4028151409E-02
-0.1000  1.8167912808E-01 -3.8490825123E-02  5.2270998380E-02  3.5127994293E-02
-0.0875  1.8412839751E-01 -3.9106487091E-02  5.5287824215E-02  3.6243950571E-02
-0.0750  1.8667086689E-01 -3.9708962522E-02  5.8388762455E-02  3.7376813306E-02
-0.0625  1.8930906115E-01 -4.0298053374E-02  6.1576400727E-02  3.8527481403E-02
-0.0500  1.9204559201E-01 -4.0873560317E-02  6.4853428226E-02  3.9696959425E-02
-0.0375  1.9488317207E-01 -4.1435285248E-02  6.8222651805E-02  4.0886357278E-02
-0.0250  1.9782462955E-01 -4.1983033910E-02  7.1687012839E-02  4.2096889768E-02
-0.0125  2.0087292390E-01 -4.2516618637E-02  7.5249604919E-02  4.3329876022E-02
-0.0000  2.0403116224E-01 -4.3035861187E-02  7.8913692439E-02  4.4586738748E-02
 0.0125  2.0730261685E-01 -4.3540595683E-02  8.2682730138E-02  4.5869003333E-02
 0.0250  2.1069074351E-01 -4.4030671629E-02  8.6560383694E-02  4.7178296749E-02
 0.0375  2.1419920106E-01 -4.4505957008E-02  9.0550551425E-02  4.8516346255E-02
 0.0500  2.1783187206E-01 -4.4966341449E-02  9.4657387210E-02  4.9884977868E-02
 0.0625  2.2159288473E-01 -4.5411739447E-02  9.8885324715E-02  5.1286114566E-02
 0.0750  2.2548663625E-01 -4.5842093639E-02  1.0323910302E-01  5.2721774208E-02
 0.0875  2.2951781754E-01 -4.6257378116E-02  1.0772379379E-01  5.4194067119E-02
 0.1000  2.3369143964E-01 -4.6657601759E-02  1.1234483005E-01  5.5705193316E-02
 0.1125  2.3801286182E-01 -4.7042811589E-02  1.1710803678E-01  5.7257439321E-02
 0.1250  2.4248782150E-01 -4.7413096126E-02  1.2201966337E-01  5.8853174525E-02
 0.1375  2.4712246631E-01 -4.7768588721E-02  1.2708641814E-01  6.0494847046E-02
 0.1500  2.5192338815E-01 -4.8109470866E-02  1.3231550511E-01  6.2184979024E-02
 0.1625  2.5689765980E-01 -4.8435975454E-02  1.3771466310E-01  6.3926161312E-02
 0.1750  2.6205287389E-01 -4.8748389963E-02  1.4329220742E-01  6.5721047475E-02
 0.1875  2.6739718474E-01 -4.9047059562E-02  1.4905707427E-01  6.7572347048E-02
 0.2000  2.7293935310E-01 -4.9332390085E-02  1.5501886817E-01  6.9482817979E-02
 0.2125  2.7868879409E-01 -4.9604850875E-02  1.6118791251E-01  7.1455258168E-02
 0.2250  2.8465562855E-01 -4.9864977451E-02  1.6757530348E-01  7.3492496035E-02
 0.2375  2.9085073815E-01 -5.0113373972E-02  1.7419296777E-01  7.5597380024E-02
 0.2500  2.9728582442E-01 -5.0350715455E-02  1.8105372410E-01  7.7772766942E-02
 0.2625  3.0397347210E-01 -5.0577749719E-02  1.8817134900E-01  8.0021509051E-02
 0.2750  3.1092721711E-01 -5.0795299005E-02  1.9556064712E-01  8.2346439794E-02
 0.2875  3.1816161949E-01 -5.1004261217E-02  2.0323752640E-01  8.4750358055E-02
 0.3000  3.2569234167E-01 -5.1205610754E-02  2.1121907847E-01  8.7236010825E-02
 0.3125  3.3353623249E-01 -5.1400398849E-02  2.1952366456E-01  8.9806074165E-02
 0.3250  3.4171141743E-01 -5.1589753373E-02  2.2817100757E-01  9.2463132320E-02
 0.3375  3.5023739549E-01 -5.1774878030E-02  2.3718229045E-01  9.5209654862E-02
 0.3500  3.5913514321E-01 -5.1957050868E-02  2.4658026159E-01  9.8047971698E-02
 0.3625  3.6842722646E-01 -5.2137622025E-02  2.5638934768E-01  1.0098024581E-01
 0.3750  3.7813792053E-01 -5.2318010628E-02  2.6663577459E-01  1.0400844355E-01
 0.3875  3.8829333914E-01 -5.2499700744E-02  2.7734769688E-01  1.0713430230E-01
 0.4000  3.9892157324E-01 -5.2684236282E-02  2.8855533669E-01  1.1035929541E-01
 0.4125  4.1005284013E-01 -5.2873214734E-02  3.0029113270E-01  1.1368459406E-01
 0.4250  4.2171964401E-01 -5.3068279635E-02  3.1258989996E-01  1.1711102600E-01
 0.4375  4.3395694868E-01 -5.3271111607E-02  3.2548900163E-01  1.2063903087E-01
 0.4500  4.4680236354E-01 -5.3483417839E-02  3.3902853347E-01  1.2426861189E-01
 0.4625  4.6029634411E-01 -5.3706919856E-02  3.5325152229E-01  1.2799928372E-01
 0.4750  4.7448240811E-01 -5.3943339406E-02  3.6820413970E-01  1.3183001615E-01
 0.4875  4.8940736880E-01 -5.4194382270E-02  3.8393593247E-01  1.3575917342E-01
 0.5000  5.0512158709E-01 -5.4461719808E-02  4.0050007116E-01  1.3978444889E-01
 0.5125  5.2167924417E-01 -5.4746968019E-02  4.1795361891E-01  1.4390279465E-01
 0.5250  5.3913863692E-01 -5.5051663880E-02  4.3635782244E-01  1.4811034583E-01
 0.5375  5.5756249841E-01 -5.5377238702E-02  4.5577842780E-01  1.5240233921E-01
 0.5500  5.7701834617E-01 -5.5724988235E-02  4.7628602364E-01  1.5677302567E-01
 0.5625  5.9757886164E-01 -5.6096039206E-02  4.9795641538E-01  1.6121557608E-01
 0.5750  6.1932230440E-01 -5.6491311969E-02  5.2087103422E-01  1.6572198006E-01
 0.5875  6.4233296570E-01 -5.6911478889E-02  5.4511738571E-01  1.7028293697E-01
 0.6000  6.6670166650E-01 -5.7356918070E-02  5.7078954344E-01  1.7488773840E-01
 0.6125  6.9252630647E-01 -5.7827661963E-02  5.9798869468E-01  1.7952414131E-01
 0.6250  7.1991247143E-01 -5.8323340352E-02  6.2682374623E-01  1.8417823041E-01
 0.6375  7.4897410861E-01 -5.8843117126E-02  6.5741200047E-01  1.8883426857E-01
 0.6500  7.7983428115E-01 -5.9385620144E-02  6.8987991419E-01  1.9347453296E-01
 0.6625  8.1262601595E-01 -5.9948863331E-02  7.2436395546E-01  1.9807913433E-01
 0.6750  8.4749326243E-01 -6.0530159967E-02  7.6101157793E-01  2.0262581567E-01
 0.6875  8.8459198443E-01 -6.1126025767E-02  7.9998233648E-01  2.0708972493E-01
 0.7000  9.2409141320E-01 -6.1732069924E-02  8.4144917475E-01  2.1144315467E-01
 0.7125  9.6617549713E-01 -6.2342871591E-02  8.8559992301E-01  2.1565523825E-01
 0.7250  1.0110445943E+00 -6.2951838267E-02  9.3263905503E-01  2.1969158832E-01
 0.7375  1.0589174663E+00 -6.3551041085E-02  9.8278976653E-01  2.2351385716E-01
 0.7500  1.1100336514E+00 -6.4131019804E-02  1.0362964546E+00  2.2707919040E-01
 0.7625  1.1646563145E+00 -6.4680547127E-02  1.0934277006E+00  2.3033953365E-01
 0.7750  1.2230757080E+00 -6.5186337349E-02  1.1544798867E+00  2.3324073561E-01
 0.7875  1.2856134119E+00 -6.5632677608E-02  1.2197816163E+00  2.3572136812E-01
 0.8000  1.3526275828E+00 -6.6000950352E-02  1.2896991541E+00  2.3771115207E-01
 0.8125  1.4245195084E+00 -6.6269001790E-02  1.3646431664E+00  2.3912883427E-01
 0.8250  1.5017418655E+00 -6.6410291338E-02  1.4450771234E+00  2.3987929956E-01
 0.8375  1.5848092066E+00 -6.6392729026E-02  1.5315278289E+00  2.3984961921E-01
 0.8500  1.6743113726E+00 -6.6177068266E-02  1.6245986789E+00  2.3890362187E-01
 0.8625  1.7709307613E+00 -6.5714665689E-02  1.7249864259E+00  2.3687441663E-01
 0.8750  1.8754646859E+00 -6.4944341844E-02  1.8335024494E+00  2.3355408395E-01
 0.8875  1.9888544684E+00 -6.3787967903E-02  1.9510998228E+00  2.2867945861E-01
 0.9000  2.1122234548E+00 -6.2144252658E-02  2.0789078411E+00  2.2191253422E-01
 0.9125  2.2469268688E+00 -5.9879995409E-02  2.2182761489E+00  2.1281348365E-01
 0.9250  2.3946173762E+00 -5.6817782730E-02  2.3708312237E+00  2.0080356784E-01
 0.9375  2.5573315211E+00 -5.2718712054E-02  2.5385487546E+00  1.8511423295E-01
 0.9500  2.7376038850E+00 -4.7258184312E-02  2.7238464611E+00  1.6471738965E-01
 0.9625  2.9386180773E+00 -3.9992070013E-02  2.9297031799E+00  1.3823011712E-01
 0.9750  3.1644066420E+00 -3.0309549573E-02  3.1598116874E+00  1.0378469281E-01
 0.9875  3.4201159094E+00 -1.7367567589E-02  3.4187748096E+00  5.8851724436E-02
 1.0000  3.7123570267E+00  0.0000000000E+00  3.7123570267E+00 -4.6688242575E-18
