# External-field spectrum, 1e4 K blackbody shape.
# Scaled so band J over [0.0912, 1000.0] um = 1.000e-03 erg/s/cm^2/sr.
# lambda[um]   J_lambda[erg/s/cm^2/sr/um]   (par%spectrum_type = 'per_um')
  9.120000e-02   1.472450e-05
  9.335126e-02   1.884968e-05
  9.555326e-02   2.392924e-05
  9.780720e-02   3.013000e-05
  1.001143e-01   3.763541e-05
  1.024758e-01   4.664461e-05
  1.048931e-01   5.737091e-05
  1.073673e-01   7.003964e-05
  1.098999e-01   8.488531e-05
  1.124923e-01   1.021482e-04
  1.151458e-01   1.220701e-04
  1.178619e-01   1.448900e-04
  1.206421e-01   1.708385e-04
  1.234878e-01   2.001326e-04
  1.264007e-01   2.329698e-04
  1.293823e-01   2.695222e-04
  1.324342e-01   3.099308e-04
  1.355581e-01   3.542994e-04
  1.387557e-01   4.026903e-04
  1.420287e-01   4.551187e-04
  1.453789e-01   5.115494e-04
  1.488081e-01   5.718935e-04
  1.523183e-01   6.360063e-04
  1.559112e-01   7.036865e-04
  1.595889e-01   7.746763e-04
  1.633533e-01   8.486624e-04
  1.672066e-01   9.252793e-04
  1.711507e-01   1.004112e-03
  1.751878e-01   1.084701e-03
  1.793202e-01   1.166549e-03
  1.835501e-01   1.249126e-03
  1.878797e-01   1.331876e-03
  1.923115e-01   1.414228e-03
  1.968478e-01   1.495599e-03
  2.014911e-01   1.575407e-03
  2.062440e-01   1.653076e-03
  2.111089e-01   1.728045e-03
  2.160886e-01   1.799777e-03
  2.211858e-01   1.867764e-03
  2.264032e-01   1.931534e-03
  2.317437e-01   1.990657e-03
  2.372101e-01   2.044750e-03
  2.428055e-01   2.093482e-03
  2.485329e-01   2.136573e-03
  2.543954e-01   2.173801e-03
  2.603961e-01   2.204999e-03
  2.665384e-01   2.230060e-03
  2.728256e-01   2.248930e-03
  2.792611e-01   2.261611e-03
  2.858484e-01   2.268157e-03
  2.925911e-01   2.268673e-03
  2.994929e-01   2.263308e-03
  3.065574e-01   2.252253e-03
  3.137886e-01   2.235739e-03
  3.211903e-01   2.214028e-03
  3.287667e-01   2.187411e-03
  3.365217e-01   2.156203e-03
  3.444597e-01   2.120738e-03
  3.525849e-01   2.081365e-03
  3.609018e-01   2.038441e-03
  3.694149e-01   1.992331e-03
  3.781288e-01   1.943400e-03
  3.870482e-01   1.892011e-03
  3.961780e-01   1.838523e-03
  4.055232e-01   1.783285e-03
  4.150888e-01   1.726636e-03
  4.248801e-01   1.668901e-03
  4.349023e-01   1.610389e-03
  4.451609e-01   1.551395e-03
  4.556615e-01   1.492193e-03
  4.664098e-01   1.433040e-03
  4.774116e-01   1.374173e-03
  4.886730e-01   1.315808e-03
  5.002000e-01   1.258143e-03
  5.119988e-01   1.201356e-03
  5.240760e-01   1.145603e-03
  5.364381e-01   1.091025e-03
  5.490918e-01   1.037743e-03
  5.620440e-01   9.858581e-04
  5.753016e-01   9.354590e-04
  5.888720e-01   8.866161e-04
  6.027626e-01   8.393858e-04
  6.169807e-01   7.938108e-04
  6.315343e-01   7.499210e-04
  6.464311e-01   7.077350e-04
  6.616793e-01   6.672606e-04
  6.772872e-01   6.284962e-04
  6.932633e-01   5.914315e-04
  7.096162e-01   5.560487e-04
  7.263549e-01   5.223234e-04
  7.434884e-01   4.902251e-04
  7.610261e-01   4.597186e-04
  7.789774e-01   4.307642e-04
  7.973522e-01   4.033189e-04
  8.161604e-01   3.773365e-04
  8.354122e-01   3.527687e-04
  8.551182e-01   3.295655e-04
  8.752890e-01   3.076755e-04
  8.959356e-01   2.870467e-04
  9.170693e-01   2.676265e-04
  9.387014e-01   2.493624e-04
  9.608438e-01   2.322020e-04
  9.835085e-01   2.160938e-04
  1.006708e+00   2.009866e-04
  1.030454e+00   1.868307e-04
  1.054761e+00   1.735770e-04
  1.079641e+00   1.611782e-04
  1.105108e+00   1.495881e-04
  1.131176e+00   1.387622e-04
  1.157858e+00   1.286573e-04
  1.185170e+00   1.192322e-04
  1.213126e+00   1.104470e-04
  1.241742e+00   1.022637e-04
  1.271033e+00   9.464584e-05
  1.301014e+00   8.755878e-05
  1.331703e+00   8.096943e-05
  1.363116e+00   7.484637e-05
  1.395269e+00   6.915976e-05
  1.428181e+00   6.388136e-05
  1.461870e+00   5.898441e-05
  1.496353e+00   5.444365e-05
  1.531649e+00   5.023523e-05
  1.567778e+00   4.633669e-05
  1.604760e+00   4.272687e-05
  1.642613e+00   3.938587e-05
  1.681360e+00   3.629502e-05
  1.721020e+00   3.343678e-05
  1.761616e+00   3.079472e-05
  1.803170e+00   2.835346e-05
  1.845703e+00   2.609859e-05
  1.889240e+00   2.401667e-05
  1.933805e+00   2.209510e-05
  1.979420e+00   2.032217e-05
  2.026111e+00   1.868693e-05
  2.073904e+00   1.717919e-05
  2.122823e+00   1.578943e-05
  2.172897e+00   1.450884e-05
  2.224152e+00   1.332919e-05
  2.276616e+00   1.224284e-05
  2.330318e+00   1.124270e-05
  2.385286e+00   1.032218e-05
  2.441551e+00   9.475160e-06
  2.499143e+00   8.695985e-06
  2.558094e+00   7.979398e-06
  2.618435e+00   7.320535e-06
  2.680200e+00   6.714889e-06
  2.743421e+00   6.158292e-06
  2.808134e+00   5.646887e-06
  2.874373e+00   5.177108e-06
  2.942175e+00   4.745658e-06
  3.011576e+00   4.349493e-06
  3.082614e+00   3.985800e-06
  3.155327e+00   3.651983e-06
  3.229756e+00   3.345647e-06
  3.305941e+00   3.064581e-06
  3.383922e+00   2.806747e-06
  3.463744e+00   2.570267e-06
  3.545447e+00   2.353409e-06
  3.629079e+00   2.154578e-06
  3.714683e+00   1.972305e-06
  3.802306e+00   1.805237e-06
  3.891996e+00   1.652130e-06
  3.983801e+00   1.511838e-06
  4.077773e+00   1.383307e-06
  4.173961e+00   1.265567e-06
  4.272417e+00   1.157728e-06
  4.373196e+00   1.058971e-06
  4.476353e+00   9.685410e-07
  4.581943e+00   8.857479e-07
  4.690023e+00   8.099558e-07
  4.800653e+00   7.405811e-07
  4.913892e+00   6.770878e-07
  5.029803e+00   6.189840e-07
  5.148447e+00   5.658182e-07
  5.269891e+00   5.171760e-07
  5.394199e+00   4.726772e-07
  5.521439e+00   4.319731e-07
  5.651680e+00   3.947437e-07
  5.784994e+00   3.606959e-07
  5.921452e+00   3.295607e-07
  6.061129e+00   3.010916e-07
  6.204101e+00   2.750626e-07
  6.350446e+00   2.512668e-07
  6.500242e+00   2.295143e-07
  6.653572e+00   2.096315e-07
  6.810519e+00   1.914590e-07
  6.971167e+00   1.748511e-07
  7.135606e+00   1.596743e-07
  7.303923e+00   1.458063e-07
  7.476210e+00   1.331351e-07
  7.652561e+00   1.215584e-07
  7.833073e+00   1.109822e-07
  8.017842e+00   1.013209e-07
  8.206969e+00   9.249586e-08
  8.400558e+00   8.443521e-08
  8.598713e+00   7.707323e-08
  8.801542e+00   7.034976e-08
  9.009156e+00   6.420980e-08
  9.221667e+00   5.860305e-08
  9.439191e+00   5.348349e-08
  9.661845e+00   4.880905e-08
  9.889752e+00   4.454126e-08
  1.012303e+01   4.064495e-08
  1.036182e+01   3.708798e-08
  1.060624e+01   3.384095e-08
  1.085642e+01   3.087701e-08
  1.111251e+01   2.817161e-08
  1.137463e+01   2.570230e-08
  1.164294e+01   2.344860e-08
  1.191758e+01   2.139176e-08
  1.219869e+01   1.951468e-08
  1.248644e+01   1.780171e-08
  1.278098e+01   1.623858e-08
  1.308246e+01   1.481223e-08
  1.339105e+01   1.351075e-08
  1.370692e+01   1.232325e-08
  1.403025e+01   1.123980e-08
  1.436120e+01   1.025130e-08
  1.469995e+01   9.349475e-09
  1.504670e+01   8.526751e-09
  1.540163e+01   7.776216e-09
  1.576493e+01   7.091559e-09
  1.613679e+01   6.467016e-09
  1.651743e+01   5.897329e-09
  1.690705e+01   5.377696e-09
  1.730586e+01   4.903732e-09
  1.771408e+01   4.471437e-09
  1.813192e+01   4.077160e-09
  1.855963e+01   3.717566e-09
  1.899742e+01   3.389614e-09
  1.944553e+01   3.090528e-09
  1.990422e+01   2.817774e-09
  2.037373e+01   2.569040e-09
  2.085431e+01   2.342217e-09
  2.134623e+01   2.135379e-09
  2.184975e+01   1.946770e-09
  2.236515e+01   1.774788e-09
  2.289271e+01   1.617970e-09
  2.343271e+01   1.474983e-09
  2.398545e+01   1.344609e-09
  2.455122e+01   1.225738e-09
  2.513035e+01   1.117359e-09
  2.572313e+01   1.018546e-09
  2.632989e+01   9.284567e-10
  2.695097e+01   8.463232e-10
  2.758670e+01   7.714440e-10
  2.823742e+01   7.031797e-10
  2.890350e+01   6.409471e-10
  2.958528e+01   5.842140e-10
  3.028315e+01   5.324956e-10
  3.099748e+01   4.853492e-10
  3.172866e+01   4.423714e-10
  3.247709e+01   4.031943e-10
  3.324317e+01   3.674822e-10
  3.402732e+01   3.349293e-10
  3.482996e+01   3.052565e-10
  3.565154e+01   2.782094e-10
  3.649251e+01   2.535559e-10
  3.735330e+01   2.310846e-10
  3.823440e+01   2.106026e-10
  3.913629e+01   1.919340e-10
  4.005945e+01   1.749184e-10
  4.100439e+01   1.594098e-10
  4.197161e+01   1.452748e-10
  4.296165e+01   1.323920e-10
  4.397504e+01   1.206504e-10
  4.501234e+01   1.099492e-10
  4.607411e+01   1.001963e-10
  4.716092e+01   9.130769e-11
  4.827337e+01   8.320693e-11
  4.941206e+01   7.582424e-11
  5.057760e+01   6.909604e-11
  5.177064e+01   6.296437e-11
  5.299183e+01   5.737640e-11
  5.424182e+01   5.228396e-11
  5.552129e+01   4.764315e-11
  5.683094e+01   4.341396e-11
  5.817149e+01   3.955991e-11
  5.954366e+01   3.604776e-11
  6.094820e+01   3.284720e-11
  6.238586e+01   2.993061e-11
  6.385744e+01   2.727283e-11
  6.536373e+01   2.485090e-11
  6.690555e+01   2.264390e-11
  6.848374e+01   2.063279e-11
  7.009916e+01   1.880019e-11
  7.175268e+01   1.713026e-11
  7.344521e+01   1.560858e-11
  7.517766e+01   1.422199e-11
  7.695097e+01   1.295851e-11
  7.876612e+01   1.180722e-11
  8.062408e+01   1.075816e-11
  8.252587e+01   9.802261e-12
  8.447251e+01   8.931254e-12
  8.646508e+01   8.137605e-12
  8.850465e+01   7.414448e-12
  9.059232e+01   6.755525e-12
  9.272925e+01   6.155133e-12
  9.491657e+01   5.608077e-12
  9.715550e+01   5.109622e-12
  9.944723e+01   4.655451e-12
  1.017930e+02   4.241632e-12
  1.041942e+02   3.864582e-12
  1.066519e+02   3.521036e-12
  1.091677e+02   3.208019e-12
  1.117427e+02   2.922817e-12
  1.143786e+02   2.662962e-12
  1.170766e+02   2.426201e-12
  1.198382e+02   2.210482e-12
  1.226650e+02   2.013937e-12
  1.255585e+02   1.834862e-12
  1.285202e+02   1.671705e-12
  1.315517e+02   1.523051e-12
  1.346548e+02   1.387612e-12
  1.378311e+02   1.264213e-12
  1.410823e+02   1.151784e-12
  1.444102e+02   1.049352e-12
  1.478166e+02   9.560258e-13
  1.513034e+02   8.709979e-13
  1.548724e+02   7.935302e-13
  1.585255e+02   7.229508e-13
  1.622649e+02   6.586473e-13
  1.660924e+02   6.000619e-13
  1.700103e+02   5.466862e-13
  1.740205e+02   4.980572e-13
  1.781254e+02   4.537528e-13
  1.823271e+02   4.133886e-13
  1.866279e+02   3.766143e-13
  1.910301e+02   3.431106e-13
  1.955362e+02   3.125867e-13
  2.001486e+02   2.847778e-13
  2.048697e+02   2.594423e-13
  2.097023e+02   2.363604e-13
  2.146488e+02   2.153316e-13
  2.197120e+02   1.961734e-13
  2.248946e+02   1.787193e-13
  2.301995e+02   1.628179e-13
  2.356296e+02   1.483311e-13
  2.411877e+02   1.351330e-13
  2.468769e+02   1.231091e-13
  2.527003e+02   1.121548e-13
  2.586611e+02   1.021751e-13
  2.647625e+02   9.308330e-14
  2.710078e+02   8.480036e-14
  2.774004e+02   7.725435e-14
  2.839438e+02   7.037974e-14
  2.906416e+02   6.411678e-14
  2.974973e+02   5.841108e-14
  3.045148e+02   5.321305e-14
  3.116978e+02   4.847753e-14
  3.190502e+02   4.416338e-14
  3.265761e+02   4.023311e-14
  3.342794e+02   3.665256e-14
  3.421645e+02   3.339063e-14
  3.502356e+02   3.041896e-14
  3.584971e+02   2.771173e-14
  3.669534e+02   2.524541e-14
  3.756093e+02   2.299856e-14
  3.844693e+02   2.095167e-14
  3.935383e+02   1.908693e-14
  4.028212e+02   1.738814e-14
  4.123230e+02   1.584053e-14
  4.220491e+02   1.443065e-14
  4.320045e+02   1.314624e-14
  4.421948e+02   1.197614e-14
  4.526254e+02   1.091018e-14
  4.633021e+02   9.939087e-15
  4.742306e+02   9.054422e-15
  4.854169e+02   8.248493e-15
  4.968671e+02   7.514293e-15
  5.085873e+02   6.845440e-15
  5.205841e+02   6.236116e-15
  5.328638e+02   5.681025e-15
  5.454331e+02   5.175341e-15
  5.582990e+02   4.714665e-15
  5.714683e+02   4.294993e-15
  5.849483e+02   3.912675e-15
  5.987463e+02   3.564386e-15
  6.128697e+02   3.247099e-15
  6.273263e+02   2.958053e-15
  6.421239e+02   2.694735e-15
  6.572705e+02   2.454856e-15
  6.727744e+02   2.236329e-15
  6.886440e+02   2.037253e-15
  7.048880e+02   1.855899e-15
  7.215151e+02   1.690687e-15
  7.385345e+02   1.540181e-15
  7.559552e+02   1.403073e-15
  7.737870e+02   1.278170e-15
  7.920393e+02   1.164385e-15
  8.107222e+02   1.060729e-15
  8.298458e+02   9.662997e-16
  8.494205e+02   8.802767e-16
  8.694569e+02   8.019114e-16
  8.899659e+02   7.305221e-16
  9.109587e+02   6.654879e-16
  9.324467e+02   6.062430e-16
  9.544416e+02   5.522722e-16
  9.769553e+02   5.031059e-16
  1.000000e+03   4.583165e-16
