  0.0000000E+00   1.000000    
  0.1001001       1.000000    
  0.2002002      0.9900300    
  0.3003003      0.9802573    
  0.4004004      0.9674717    
  0.5005005      0.9518692    
  0.6006006      0.9336810    
  0.7007007      0.9131657    
  0.8008008      0.8906021    
  0.9009009      0.8662809    
   1.001001      0.8404971    
   1.101101      0.8135434    
   1.201201      0.7857034    
   1.301301      0.7572474    
   1.401401      0.7284278    
   1.501502      0.6994756    
   1.601602      0.6705997    
   1.701702      0.6419846    
   1.801802      0.6137906    
   1.901902      0.5861543    
   2.002002      0.5591897    
   2.102102      0.5329889    
   2.202202      0.5076246    
   2.302302      0.4831513    
   2.402402      0.4596076    
   2.502502      0.4370180    
   2.602602      0.4153944    
   2.702703      0.3947386    
   2.802803      0.3750435    
   2.902903      0.3562947    
   3.003003      0.3384718    
   3.103103      0.3215501    
   3.203203      0.3055009    
   3.303303      0.2902931    
   3.403403      0.2758935    
   3.503504      0.2622681    
   3.603604      0.2493820    
   3.703704      0.2372003    
   3.803804      0.2256881    
   3.903904      0.2148113    
   4.004004      0.2045366    
   4.104104      0.1948314    
   4.204204      0.1856646    
   4.304304      0.1770060    
   4.404405      0.1688267    
   4.504505      0.1610993    
   4.604605      0.1537976    
   4.704705      0.1468967    
   4.804805      0.1403730    
   4.904905      0.1342043    
   5.005005      0.1283694    
   5.105105      0.1228487    
   5.205205      0.1176233    
   5.305305      0.1126758    
   5.405406      0.1079896    
   5.505506      0.1035491    
   5.605606      9.9339858E-02
   5.705706      9.5348097E-02
   5.805806      9.1561012E-02
   5.905906      8.7966584E-02
   6.006006      8.4553503E-02
   6.106106      8.1311211E-02
   6.206206      7.8229785E-02
   6.306306      7.5299956E-02
   6.406406      7.2512992E-02
   6.506506      6.9860756E-02
   6.606606      6.7335576E-02
   6.706707      6.4930305E-02
   6.806807      6.2638193E-02
   6.906907      6.0452953E-02
   7.007007      5.8368657E-02
   7.107107      5.6379769E-02
   7.207207      5.4481078E-02
   7.307307      5.2667696E-02
   7.407407      5.0935019E-02
   7.507507      4.9278740E-02
   7.607608      4.7694810E-02
   7.707708      4.6179421E-02
   7.807808      4.4728994E-02
   7.907908      4.3340154E-02
   8.008008      4.2009745E-02
   8.108109      4.0734772E-02
   8.208208      3.9512444E-02
   8.308309      3.8340095E-02
   8.408408      3.7215240E-02
   8.508509      3.6135539E-02
   8.608608      3.5098765E-02
   8.708709      3.4102824E-02
   8.808809      3.3145748E-02
   8.908909      3.2225676E-02
   9.009009      3.1340841E-02
   9.109109      3.0489596E-02
   9.209209      2.9670360E-02
   9.309309      2.8881650E-02
   9.409410      2.8122064E-02
   9.509509      2.7390266E-02
   9.609610      2.6684999E-02
   9.709710      2.6005074E-02
   9.809810      2.5349353E-02
   9.909910      2.4716770E-02
   10.01001      2.4106314E-02
   10.11011      2.3517018E-02
   10.21021      2.2947960E-02
   10.31031      2.2398286E-02
   10.41041      2.1867158E-02
   10.51051      2.1353804E-02
   10.61061      2.0857474E-02
   10.71071      2.0377463E-02
   10.81081      1.9913098E-02
   10.91091      1.9463744E-02
   11.01101      1.9028790E-02
   11.11111      1.8607652E-02
   11.21121      1.8199788E-02
   11.31131      1.7804669E-02
   11.41141      1.7421789E-02
   11.51151      1.7050672E-02
   11.61161      1.6690860E-02
   11.71171      1.6341910E-02
   11.81181      1.6003419E-02
   11.91191      1.5674984E-02
   12.01201      1.5356226E-02
   12.11211      1.5046786E-02
   12.21221      1.4746316E-02
   12.31231      1.4454491E-02
   12.41241      1.4170995E-02
   12.51251      1.3895526E-02
   12.61261      1.3627795E-02
   12.71271      1.3367524E-02
   12.81281      1.3114450E-02
   12.91291      1.2868320E-02
   13.01301      1.2628893E-02
   13.11311      1.2395937E-02
   13.21321      1.2169226E-02
   13.31331      1.1948549E-02
   13.41341      1.1733697E-02
   13.51351      1.1524471E-02
   13.61361      1.1320688E-02
   13.71371      1.1122162E-02
   13.81381      1.0928723E-02
   13.91391      1.0740206E-02
   14.01401      1.0556445E-02
   14.11411      1.0377288E-02
   14.21421      1.0202587E-02
   14.31431      1.0032200E-02
   14.41441      9.8659890E-03
   14.51451      9.7038224E-03
   14.61461      9.5455758E-03
   14.71472      9.3911253E-03
   14.81481      9.2403535E-03
   14.91492      9.0931542E-03
   15.01501      8.9494120E-03
   15.11512      8.8090217E-03
   15.21522      8.6718844E-03
   15.31532      8.5379025E-03
   15.41542      8.4069818E-03
   15.51552      8.2790321E-03
   15.61562      8.1539657E-03
   15.71572      8.0317017E-03
   15.81582      7.9121562E-03
   15.91592      7.7952524E-03
   16.01602      7.6809148E-03
   16.11612      7.5690690E-03
   16.21622      7.4596461E-03
   16.31632      7.3525766E-03
   16.41642      7.2477967E-03
   16.51652      7.1452428E-03
   16.61662      7.0448522E-03
   16.71672      6.9465637E-03
   16.81682      6.8503232E-03
   16.91692      6.7560733E-03
   17.01702      6.6637616E-03
   17.11712      6.5733343E-03
   17.21722      6.4847446E-03
   17.31732      6.3979430E-03
   17.41742      6.3128816E-03
   17.51752      6.2295143E-03
   17.61762      6.1478005E-03
   17.71772      6.0676928E-03
   17.81782      5.9891520E-03
   17.91792      5.9121381E-03
   18.01802      5.8366125E-03
   18.11812      5.7625379E-03
   18.21822      5.6898785E-03
   18.31832      5.6185983E-03
   18.41842      5.5486634E-03
   18.51852      5.4800413E-03
   18.61862      5.4126987E-03
   18.71872      5.3466042E-03
   18.81882      5.2817273E-03
   18.91892      5.2180379E-03
   19.01902      5.1555103E-03
   19.11912      5.0941152E-03
   19.21922      5.0338265E-03
   19.31932      4.9746153E-03
   19.41942      4.9164603E-03
   19.51952      4.8593343E-03
   19.61962      4.8032142E-03
   19.71972      4.7480771E-03
   19.81982      4.6938993E-03
   19.91992      4.6406584E-03
   20.02002      4.5883339E-03
   20.12012      4.5369053E-03
   20.22022      4.4863522E-03
   20.32032      4.4366540E-03
   20.42042      4.3877931E-03
   20.52052      4.3397504E-03
   20.62062      4.2925067E-03
   20.72072      4.2460477E-03
   20.82082      4.2003533E-03
   20.92092      4.1554086E-03
   21.02102      4.1111973E-03
   21.12112      4.0677027E-03
   21.22122      4.0249107E-03
   21.32132      3.9828061E-03
   21.42142      3.9413725E-03
   21.52152      3.9005973E-03
   21.62162      3.8604664E-03
   21.72172      3.8209672E-03
   21.82182      3.7820847E-03
   21.92192      3.7438073E-03
   22.02202      3.7061218E-03
   22.12212      3.6690172E-03
   22.22222      3.6324812E-03
   22.32232      3.5965028E-03
   22.42242      3.5610711E-03
   22.52252      3.5261752E-03
   22.62262      3.4918026E-03
   22.72272      3.4579430E-03
   22.82282      3.4245865E-03
   22.92292      3.3917236E-03
   23.02302      3.3593439E-03
   23.12312      3.3274384E-03
   23.22322      3.2959976E-03
   23.32332      3.2650130E-03
   23.42342      3.2344752E-03
   23.52352      3.2043757E-03
   23.62362      3.1747080E-03
   23.72372      3.1454633E-03
   23.82382      3.1166337E-03
   23.92392      3.0882112E-03
   24.02402      3.0601879E-03
   24.12412      3.0325563E-03
   24.22422      3.0053088E-03
   24.32432      2.9784383E-03
   24.42443      2.9519375E-03
   24.52452      2.9258011E-03
   24.62462      2.9000214E-03
   24.72472      2.8745928E-03
   24.82483      2.8495078E-03
   24.92492      2.8247598E-03
   25.02502      2.8003450E-03
   25.12513      2.7762561E-03
   25.22523      2.7524873E-03
   25.32533      2.7290327E-03
   25.42542      2.7058874E-03
   25.52553      2.6830460E-03
   25.62563      2.6605029E-03
   25.72573      2.6382518E-03
   25.82583      2.6162895E-03
   25.92593      2.5946100E-03
   26.02603      2.5732084E-03
   26.12613      2.5520809E-03
   26.22623      2.5312223E-03
   26.32633      2.5106275E-03
   26.42643      2.4902925E-03
   26.52653      2.4702130E-03
   26.62663      2.4503844E-03
   26.72673      2.4308029E-03
   26.82683      2.4114642E-03
   26.92693      2.3923640E-03
   27.02703      2.3734984E-03
   27.12713      2.3548640E-03
   27.22723      2.3364569E-03
   27.32733      2.3182731E-03
   27.42743      2.3003090E-03
   27.52753      2.2825613E-03
   27.62763      2.2650263E-03
   27.72773      2.2477007E-03
   27.82783      2.2305811E-03
   27.92793      2.2136639E-03
   28.02803      2.1969462E-03
   28.12813      2.1804243E-03
   28.22823      2.1640956E-03
   28.32833      2.1479570E-03
   28.42843      2.1320058E-03
   28.52853      2.1162387E-03
   28.62863      2.1006532E-03
   28.72873      2.0852466E-03
   28.82883      2.0700155E-03
   28.92893      2.0549579E-03
   29.02903      2.0400705E-03
   29.12913      2.0253514E-03
   29.22923      2.0107978E-03
   29.32933      1.9964066E-03
   29.42943      1.9821764E-03
   29.52953      1.9681037E-03
   29.62963      1.9541869E-03
   29.72973      1.9404232E-03
   29.82983      1.9268105E-03
   29.92993      1.9133472E-03
   30.03003      1.9000303E-03
   30.13013      1.8868586E-03
   30.23023      1.8738292E-03
   30.33033      1.8609400E-03
   30.43043      1.8481890E-03
   30.53053      1.8355745E-03
   30.63063      1.8230944E-03
   30.73073      1.8107468E-03
   30.83083      1.7985300E-03
   30.93093      1.7864419E-03
   31.03103      1.7744806E-03
   31.13113      1.7626446E-03
   31.23123      1.7509318E-03
   31.33133      1.7393408E-03
   31.43143      1.7278695E-03
   31.53153      1.7165164E-03
   31.63163      1.7052803E-03
   31.73173      1.6941589E-03
   31.83183      1.6831505E-03
   31.93193      1.6722550E-03
   32.03203      1.6614692E-03
   32.13213      1.6507925E-03
   32.23223      1.6402233E-03
   32.33233      1.6297601E-03
   32.43243      1.6194014E-03
   32.53253      1.6091460E-03
   32.63263      1.5989923E-03
   32.73273      1.5889390E-03
   32.83283      1.5789851E-03
   32.93293      1.5691285E-03
   33.03303      1.5593687E-03
   33.13313      1.5497041E-03
   33.23323      1.5401333E-03
   33.33333      1.5306551E-03
   33.43343      1.5212686E-03
   33.53354      1.5119720E-03
   33.63363      1.5027648E-03
   33.73373      1.4936455E-03
   33.83384      1.4846127E-03
   33.93393      1.4756656E-03
   34.03403      1.4668030E-03
   34.13413      1.4580236E-03
   34.23423      1.4493265E-03
   34.33434      1.4407107E-03
   34.43443      1.4321755E-03
   34.53453      1.4237196E-03
   34.63464      1.4153416E-03
   34.73473      1.4070414E-03
   34.83484      1.3988179E-03
   34.93494      1.3906695E-03
   35.03503      1.3825955E-03
   35.13514      1.3745954E-03
   35.23524      1.3666678E-03
   35.33533      1.3588116E-03
   35.43544      1.3510265E-03
   35.53553      1.3433115E-03
   35.63564      1.3356654E-03
   35.73574      1.3280875E-03
   35.83583      1.3205772E-03
   35.93594      1.3131339E-03
   36.03604      1.3057560E-03
   36.13614      1.2984432E-03
   36.23624      1.2911948E-03
   36.33634      1.2840099E-03
   36.43644      1.2768878E-03
   36.53654      1.2698275E-03
   36.63663      1.2628286E-03
   36.73674      1.2558902E-03
   36.83684      1.2490121E-03
   36.93694      1.2421930E-03
   37.03704      1.2354322E-03
   37.13714      1.2287294E-03
   37.23724      1.2220840E-03
   37.33734      1.2154947E-03
   37.43744      1.2089612E-03
   37.53754      1.2024830E-03
   37.63764      1.1960594E-03
   37.73774      1.1896897E-03
   37.83784      1.1833735E-03
   37.93794      1.1771098E-03
   38.03804      1.1708981E-03
   38.13814      1.1647381E-03
   38.23824      1.1586293E-03
   38.33834      1.1525706E-03
   38.43844      1.1465618E-03
   38.53854      1.1406023E-03
   38.63864      1.1346915E-03
   38.73874      1.1288291E-03
   38.83884      1.1230141E-03
   38.93894      1.1172461E-03
   39.03904      1.1115248E-03
   39.13914      1.1058496E-03
   39.23924      1.1002203E-03
   39.33934      1.0946357E-03
   39.43944      1.0890955E-03
   39.53954      1.0835995E-03
   39.63964      1.0781470E-03
   39.73974      1.0727379E-03
   39.83984      1.0673717E-03
   39.93994      1.0620476E-03
   40.04004      1.0567651E-03
   40.14014      1.0515238E-03
   40.24024      1.0463238E-03
   40.34034      1.0411640E-03
   40.44044      1.0360448E-03
   40.54054      1.0309649E-03
   40.64064      1.0259241E-03
   40.74074      1.0209219E-03
   40.84084      1.0159583E-03
   40.94094      1.0110327E-03
   41.04104      1.0061451E-03
   41.14114      1.0012944E-03
   41.24124      9.9648046E-04
   41.34134      9.9170278E-04
   41.44144      9.8696118E-04
   41.54154      9.8225544E-04
   41.64164      9.7758521E-04
   41.74174      9.7295007E-04
   41.84184      9.6834946E-04
   41.94194      9.6378295E-04
   42.04204      9.5925038E-04
   42.14214      9.5475133E-04
   42.24224      9.5028564E-04
   42.34234      9.4585301E-04
   42.44244      9.4145292E-04
   42.54254      9.3708484E-04
   42.64264      9.3274843E-04
   42.74274      9.2844368E-04
   42.84284      9.2417025E-04
   42.94294      9.1992790E-04
   43.04304      9.1571646E-04
   43.14314      9.1153552E-04
   43.24324      9.0738444E-04
   43.34334      9.0326305E-04
   43.44344      8.9917117E-04
   43.54354      8.9510850E-04
   43.64364      8.9107477E-04
   43.74374      8.8706979E-04
   43.84385      8.8309328E-04
   43.94394      8.7914470E-04
   44.04404      8.7522384E-04
   44.14415      8.7133038E-04
   44.24424      8.6746423E-04
   44.34435      8.6362509E-04
   44.44444      8.5981272E-04
   44.54454      8.5602701E-04
   44.64465      8.5226778E-04
   44.74474      8.4853428E-04
   44.84484      8.4482657E-04
   44.94495      8.4114401E-04
   45.04504      8.3748694E-04
   45.14515      8.3385478E-04
   45.24525      8.3024753E-04
   45.34534      8.2666491E-04
   45.44545      8.2310685E-04
   45.54554      8.1957300E-04
   45.64565      8.1606291E-04
   45.74575      8.1257633E-04
   45.84584      8.0911326E-04
   45.94595      8.0567331E-04
   46.04605      8.0225640E-04
   46.14614      7.9886237E-04
   46.24625      7.9549104E-04
   46.34635      7.9214235E-04
   46.44645      7.8881590E-04
   46.54655      7.8551134E-04
   46.64665      7.8222848E-04
   46.74675      7.7896711E-04
   46.84685      7.7572715E-04
   46.94695      7.7250833E-04
   47.04705      7.6931063E-04
   47.14715      7.6613377E-04
   47.24725      7.6297770E-04
   47.34735      7.5984222E-04
   47.44745      7.5672712E-04
   47.54755      7.5363216E-04
   47.64765      7.5055700E-04
   47.74775      7.4750144E-04
   47.84785      7.4446545E-04
   47.94795      7.4144884E-04
   48.04805      7.3845155E-04
   48.14815      7.3547324E-04
   48.24825      7.3251408E-04
   48.34835      7.2957377E-04
   48.44845      7.2665216E-04
   48.54855      7.2374911E-04
   48.64865      7.2086428E-04
   48.74875      7.1799738E-04
   48.84885      7.1514834E-04
   48.94895      7.1231718E-04
   49.04905      7.0950360E-04
   49.14915      7.0670736E-04
   49.24925      7.0392876E-04
   49.34935      7.0116739E-04
   49.44945      6.9842313E-04
   49.54955      6.9569587E-04
   49.64965      6.9298566E-04
   49.74975      6.9029181E-04
   49.84985      6.8761443E-04
   49.94995      6.8495324E-04
   50.05005      6.8230822E-04
   50.15015      6.7967927E-04
   50.25025      6.7706627E-04
   50.35035      6.7446911E-04
   50.45045      6.7188760E-04
   50.55055      6.6932180E-04
   50.65065      6.6677155E-04
   50.75075      6.6423666E-04
   50.85085      6.6171709E-04
   50.95095      6.5921235E-04
   51.05105      6.5672252E-04
   51.15115      6.5424736E-04
   51.25125      6.5178686E-04
   51.35135      6.4934086E-04
   51.45145      6.4690923E-04
   51.55155      6.4449199E-04
   51.65165      6.4208888E-04
   51.75175      6.3969998E-04
   51.85185      6.3732517E-04
   51.95195      6.3496432E-04
   52.05205      6.3261733E-04
   52.15215      6.3028408E-04
   52.25225      6.2796462E-04
   52.35235      6.2565837E-04
   52.45245      6.2336540E-04
   52.55255      6.2108552E-04
   52.65265      6.1881868E-04
   52.75275      6.1656488E-04
   52.85285      6.1432400E-04
   52.95295      6.1209593E-04
   53.05305      6.0988055E-04
   53.15315      6.0767779E-04
   53.25325      6.0548767E-04
   53.35335      6.0331007E-04
   53.45345      6.0114491E-04
   53.55355      5.9899205E-04
   53.65365      5.9685140E-04
   53.75375      5.9472263E-04
   53.85386      5.9260579E-04
   53.95395      5.9050071E-04
   54.05405      5.8840727E-04
   54.15416      5.8632542E-04
   54.25425      5.8425515E-04
   54.35435      5.8219634E-04
   54.45445      5.8014895E-04
   54.55455      5.7811290E-04
   54.65466      5.7608809E-04
   54.75475      5.7407451E-04
   54.85485      5.7207205E-04
   54.95496      5.7008065E-04
   55.05505      5.6810019E-04
   55.15516      5.6613074E-04
   55.25526      5.6417211E-04
   55.35535      5.6222396E-04
   55.45546      5.6028640E-04
   55.55556      5.5835920E-04
   55.65565      5.5644230E-04
   55.75576      5.5453571E-04
   55.85585      5.5263937E-04
   55.95596      5.5075320E-04
   56.05606      5.4887705E-04
   56.15615      5.4701103E-04
   56.25626      5.4515497E-04
   56.35636      5.4330879E-04
   56.45646      5.4147252E-04
   56.55656      5.3964596E-04
   56.65666      5.3782924E-04
   56.75676      5.3602224E-04
   56.85686      5.3422485E-04
   56.95696      5.3243706E-04
   57.05706      5.3065881E-04
   57.15716      5.2888971E-04
   57.25726      5.2712980E-04
   57.35736      5.2537897E-04
   57.45746      5.2363734E-04
   57.55756      5.2190461E-04
   57.65766      5.2018079E-04
   57.75776      5.1846600E-04
   57.85786      5.1675999E-04
   57.95796      5.1506277E-04
   58.05806      5.1337434E-04
   58.15816      5.1169458E-04
   58.25826      5.1002344E-04
   58.35836      5.0836103E-04
   58.45846      5.0670712E-04
   58.55856      5.0506176E-04
   58.65866      5.0342485E-04
   58.75876      5.0179637E-04
   58.85886      5.0017616E-04
   58.95896      4.9856439E-04
   59.05906      4.9696083E-04
   59.15916      4.9536530E-04
   59.25926      4.9377768E-04
   59.35936      4.9219793E-04
   59.45946      4.9062609E-04
   59.55956      4.8906211E-04
   59.65966      4.8750584E-04
   59.75976      4.8595734E-04
   59.85986      4.8441649E-04
   59.95996      4.8288333E-04
   60.06006      4.8135774E-04
   60.16016      4.7983974E-04
   60.26026      4.7832928E-04
   60.36036      4.7682624E-04
   60.46046      4.7533074E-04
   60.56056      4.7384255E-04
   60.66066      4.7236177E-04
   60.76076      4.7088831E-04
   60.86086      4.6942214E-04
   60.96096      4.6796323E-04
   61.06106      4.6651144E-04
   61.16116      4.6506690E-04
   61.26126      4.6362943E-04
   61.36136      4.6219886E-04
   61.46146      4.6077510E-04
   61.56156      4.5935813E-04
   61.66166      4.5794796E-04
   61.76176      4.5654448E-04
   61.86186      4.5514770E-04
   61.96196      4.5375756E-04
   62.06206      4.5237405E-04
   62.16216      4.5099712E-04
   62.26226      4.4962674E-04
   62.36236      4.4826284E-04
   62.46246      4.4690550E-04
   62.56256      4.4555461E-04
   62.66266      4.4421008E-04
   62.76276      4.4287191E-04
   62.86286      4.4154012E-04
   62.96296      4.4021467E-04
   63.06306      4.3889548E-04
   63.16316      4.3758249E-04
   63.26326      4.3627576E-04
   63.36337      4.3497520E-04
   63.46346      4.3368081E-04
   63.56356      4.3239252E-04
   63.66366      4.3111035E-04
   63.76376      4.2983424E-04
   63.86386      4.2856392E-04
   63.96396      4.2729938E-04
   64.06406      4.2604064E-04
   64.16416      4.2478758E-04
   64.26427      4.2354033E-04
   64.36436      4.2229868E-04
   64.46446      4.2106264E-04
   64.56457      4.1983224E-04
   64.66467      4.1860752E-04
   64.76476      4.1738831E-04
   64.86487      4.1617462E-04
   64.96497      4.1496640E-04
   65.06506      4.1376372E-04
   65.16517      4.1256647E-04
   65.26527      4.1137467E-04
   65.36536      4.1018825E-04
   65.46546      4.0900722E-04
   65.56557      4.0783148E-04
   65.66566      4.0666110E-04
   65.76576      4.0549602E-04
   65.86587      4.0433620E-04
   65.96597      4.0318162E-04
   66.06606      4.0203219E-04
   66.16617      4.0088804E-04
   66.26627      3.9974903E-04
   66.36636      3.9861514E-04
   66.46647      3.9748635E-04
   66.56657      3.9636268E-04
   66.66666      3.9524405E-04
   66.76677      3.9413030E-04
   66.86687      3.9302133E-04
   66.96696      3.9191719E-04
   67.06707      3.9081782E-04
   67.16717      3.8972322E-04
   67.26727      3.8863334E-04
   67.36737      3.8754815E-04
   67.46747      3.8646767E-04
   67.56757      3.8539188E-04
   67.66767      3.8432071E-04
   67.76777      3.8325417E-04
   67.86787      3.8219220E-04
   67.96796      3.8113483E-04
   68.06807      3.8008203E-04
   68.16817      3.7903374E-04
   68.26826      3.7798996E-04
   68.36837      3.7695072E-04
   68.46847      3.7591590E-04
   68.56857      3.7488557E-04
   68.66867      3.7385966E-04
   68.76877      3.7283811E-04
   68.86887      3.7182099E-04
   68.96897      3.7080824E-04
   69.06907      3.6979979E-04
   69.16917      3.6879574E-04
   69.26927      3.6779590E-04
   69.36937      3.6680044E-04
   69.46947      3.6580919E-04
   69.56957      3.6482222E-04
   69.66967      3.6383941E-04
   69.76977      3.6286085E-04
   69.86987      3.6188646E-04
   69.96997      3.6091625E-04
   70.07007      3.5995021E-04
   70.17017      3.5898809E-04
   70.27027      3.5802988E-04
   70.37037      3.5707562E-04
   70.47047      3.5612530E-04
   70.57057      3.5517884E-04
   70.67067      3.5423620E-04
   70.77077      3.5329739E-04
   70.87087      3.5236252E-04
   70.97097      3.5143143E-04
   71.07107      3.5050412E-04
   71.17117      3.4958060E-04
   71.27127      3.4866080E-04
   71.37137      3.4774479E-04
   71.47147      3.4683250E-04
   71.57157      3.4592391E-04
   71.67167      3.4501904E-04
   71.77177      3.4411784E-04
   71.87187      3.4322028E-04
   71.97197      3.4232641E-04
   72.07207      3.4143616E-04
   72.17217      3.4054951E-04
   72.27227      3.3966644E-04
   72.37238      3.3878701E-04
   72.47247      3.3791110E-04
   72.57257      3.3703874E-04
   72.67268      3.3616993E-04
   72.77277      3.3530459E-04
   72.87287      3.3444300E-04
   72.97298      3.3358485E-04
   73.07307      3.3273018E-04
   73.17317      3.3187898E-04
   73.27327      3.3103119E-04
   73.37337      3.3018680E-04
   73.47347      3.2934587E-04
   73.57357      3.2850832E-04
   73.67368      3.2767415E-04
   73.77377      3.2684335E-04
   73.87387      3.2601590E-04
   73.97398      3.2519177E-04
   74.07407      3.2437095E-04
   74.17417      3.2355348E-04
   74.27428      3.2273927E-04
   74.37437      3.2192835E-04
   74.47447      3.2112069E-04
   74.57458      3.2031629E-04
   74.67467      3.1951509E-04
   74.77477      3.1871712E-04
   74.87488      3.1792239E-04
   74.97498      3.1713079E-04
   75.07507      3.1634246E-04
   75.17518      3.1555720E-04
   75.27528      3.1477513E-04
   75.37537      3.1399622E-04
   75.47548      3.1322040E-04
   75.57558      3.1244769E-04
   75.67567      3.1167807E-04
   75.77577      3.1091154E-04
   75.87588      3.1014811E-04
   75.97598      3.0938766E-04
   76.07607      3.0863032E-04
   76.17618      3.0787595E-04
   76.27628      3.0712466E-04
   76.37637      3.0637605E-04
   76.47648      3.0563015E-04
   76.57658      3.0488693E-04
   76.67667      3.0414638E-04
   76.77678      3.0340848E-04
   76.87688      3.0267326E-04
   76.97697      3.0194069E-04
   77.07708      3.0121076E-04
   77.17718      3.0048346E-04
   77.27728      2.9975874E-04
   77.37738      2.9903665E-04
   77.47748      2.9831714E-04
   77.57758      2.9760020E-04
   77.67768      2.9688585E-04
   77.77778      2.9617408E-04
   77.87788      2.9546485E-04
   77.97798      2.9475815E-04
   78.07808      2.9405399E-04
   78.17818      2.9335232E-04
   78.27827      2.9265319E-04
   78.37838      2.9195659E-04
   78.47848      2.9126243E-04
   78.57858      2.9057078E-04
   78.67868      2.8988157E-04
   78.77878      2.8919487E-04
   78.87888      2.8851058E-04
   78.97898      2.8782876E-04
   79.07908      2.8714936E-04
   79.17918      2.8647238E-04
   79.27928      2.8579784E-04
   79.37938      2.8512569E-04
   79.47948      2.8445592E-04
   79.57958      2.8378854E-04
   79.67968      2.8312355E-04
   79.77978      2.8246091E-04
   79.87988      2.8180063E-04
   79.97998      2.8114268E-04
   80.08008      2.8048712E-04
   80.18018      2.7983385E-04
   80.28028      2.7918295E-04
   80.38038      2.7853431E-04
   80.48048      2.7788794E-04
   80.58058      2.7724393E-04
   80.68068      2.7660219E-04
   80.78078      2.7596272E-04
   80.88088      2.7532552E-04
   80.98098      2.7469057E-04
   81.08108      2.7405785E-04
   81.18118      2.7342740E-04
   81.28128      2.7279917E-04
   81.38138      2.7217317E-04
   81.48148      2.7154936E-04
   81.58158      2.7092779E-04
   81.68168      2.7030834E-04
   81.78178      2.6969114E-04
   81.88188      2.6907612E-04
   81.98198      2.6846328E-04
   82.08208      2.6785256E-04
   82.18218      2.6724403E-04
   82.28228      2.6663762E-04
   82.38239      2.6603340E-04
   82.48248      2.6543127E-04
   82.58258      2.6483127E-04
   82.68269      2.6423330E-04
   82.78278      2.6363751E-04
   82.88288      2.6304382E-04
   82.98299      2.6245223E-04
   83.08308      2.6186273E-04
   83.18318      2.6127527E-04
   83.28328      2.6068991E-04
   83.38338      2.6010652E-04
   83.48348      2.5952523E-04
   83.58358      2.5894601E-04
   83.68369      2.5836876E-04
   83.78378      2.5779358E-04
   83.88388      2.5722038E-04
   83.98399      2.5664922E-04
   84.08408      2.5608003E-04
   84.18418      2.5551283E-04
   84.28429      2.5494766E-04
   84.38438      2.5438445E-04
   84.48448      2.5382321E-04
   84.58459      2.5326395E-04
   84.68468      2.5270664E-04
   84.78478      2.5215125E-04
   84.88489      2.5159781E-04
   84.98499      2.5104632E-04
   85.08508      2.5049673E-04
   85.18519      2.4994905E-04
   85.28529      2.4940335E-04
   85.38538      2.4885949E-04
   85.48549      2.4831755E-04
   85.58559      2.4777750E-04
   85.68568      2.4723931E-04
   85.78579      2.4670298E-04
   85.88589      2.4616858E-04
   85.98598      2.4563598E-04
   86.08608      2.4510527E-04
   86.18619      2.4457640E-04
   86.28629      2.4404937E-04
   86.38638      2.4352418E-04
   86.48649      2.4300080E-04
   86.58659      2.4247922E-04
   86.68668      2.4195947E-04
   86.78679      2.4144155E-04
   86.88689      2.4092539E-04
   86.98698      2.4041106E-04
   87.08709      2.3989848E-04
   87.18719      2.3938769E-04
   87.28728      2.3887867E-04
   87.38739      2.3837142E-04
   87.48749      2.3786593E-04
   87.58759      2.3736215E-04
   87.68769      2.3686017E-04
   87.78779      2.3635989E-04
   87.88789      2.3586137E-04
   87.98799      2.3536457E-04
   88.08809      2.3486948E-04
   88.18819      2.3437610E-04
   88.28829      2.3388445E-04
   88.38839      2.3339446E-04
   88.48849      2.3290618E-04
   88.58858      2.3241960E-04
   88.68869      2.3193467E-04
   88.78879      2.3145146E-04
   88.88889      2.3096963E-04
   88.98899      2.3048928E-04
   89.08909      2.3001040E-04
   89.18919      2.2953290E-04
   89.28929      2.2905687E-04
   89.38939      2.2858224E-04
   89.48949      2.2810903E-04
   89.58959      2.2763724E-04
   89.68969      2.2716683E-04
   89.78979      2.2669786E-04
   89.88989      2.2623027E-04
   89.98999      2.2576409E-04
   90.09009      2.2529930E-04
   90.19019      2.2483587E-04
   90.29029      2.2437387E-04
   90.39039      2.2391320E-04
   90.49049      2.2345393E-04
   90.59059      2.2299602E-04
   90.69069      2.2253944E-04
   90.79079      2.2208426E-04
   90.89089      2.2163041E-04
   90.99099      2.2117794E-04
   91.09109      2.2072680E-04
   91.19119      2.2027700E-04
   91.29129      2.1982854E-04
   91.39139      2.1938140E-04
   91.49149      2.1893559E-04
   91.59159      2.1849110E-04
   91.69169      2.1804792E-04
   91.79179      2.1760608E-04
   91.89189      2.1716554E-04
   91.99199      2.1672629E-04
   92.09209      2.1628835E-04
   92.19219      2.1585170E-04
   92.29229      2.1541634E-04
   92.39240      2.1498228E-04
   92.49249      2.1454951E-04
   92.59259      2.1411802E-04
   92.69270      2.1368780E-04
   92.79279      2.1325886E-04
   92.89289      2.1283116E-04
   92.99300      2.1240475E-04
   93.09309      2.1197958E-04
   93.19319      2.1155567E-04
   93.29330      2.1113303E-04
   93.39339      2.1071159E-04
   93.49349      2.1029143E-04
   93.59359      2.0987251E-04
   93.69370      2.0945481E-04
   93.79379      2.0903835E-04
   93.89389      2.0862310E-04
   93.99400      2.0820908E-04
   94.09409      2.0779630E-04
   94.19419      2.0738468E-04
   94.29430      2.0697431E-04
   94.39439      2.0656514E-04
   94.49449      2.0615717E-04
   94.59460      2.0575040E-04
   94.69469      2.0534483E-04
   94.79479      2.0494044E-04
   94.89490      2.0453724E-04
   94.99500      2.0413521E-04
   95.09509      2.0373439E-04
   95.19520      2.0333471E-04
   95.29530      2.0293624E-04
   95.39539      2.0253891E-04
   95.49550      2.0214275E-04
   95.59560      2.0174774E-04
   95.69569      2.0135391E-04
   95.79580      2.0096119E-04
   95.89590      2.0056964E-04
   95.99599      2.0017926E-04
   96.09610      1.9978998E-04
   96.19620      1.9940185E-04
   96.29630      1.9901486E-04
   96.39639      1.9862902E-04
   96.49650      1.9824429E-04
   96.59660      1.9786069E-04
   96.69669      1.9747821E-04
   96.79680      1.9709680E-04
   96.89690      1.9671656E-04
   96.99699      1.9633738E-04
   97.09710      1.9595934E-04
   97.19720      1.9558240E-04
   97.29729      1.9520654E-04
   97.39740      1.9483178E-04
   97.49750      1.9445810E-04
   97.59760      1.9408553E-04
   97.69770      1.9371402E-04
   97.79780      1.9334361E-04
   97.89790      1.9297427E-04
   97.99800      1.9260601E-04
   98.09810      1.9223880E-04
   98.19820      1.9187268E-04
   98.29830      1.9150760E-04
   98.39840      1.9114357E-04
   98.49850      1.9078063E-04
   98.59860      1.9041871E-04
   98.69870      1.9005786E-04
   98.79880      1.8969805E-04
   98.89890      1.8933929E-04
   98.99900      1.8898156E-04
   99.09910      1.8862486E-04
   99.19920      1.8826920E-04
   99.29930      1.8791459E-04
   99.39940      1.8756097E-04
   99.49950      1.8720837E-04
   99.59960      1.8685681E-04
   99.69970      1.8650627E-04
   99.79980      1.8615674E-04
   99.89990      1.8580821E-04
   100.0000      1.8546070E-04
