lambda(um), Cext(cm^2/H), albedo, <cos>, # of angles
   0.91340  2.30862E-22   0.63843   0.39583   161
cos(theta),     S11,               S12,             S33,             S34
-1.0000  2.3509054165E-01  8.5102932724E-19 -2.3509054165E-01 -5.3445292629E-19
-0.9875  2.3106526630E-01 -2.4686825706E-03 -2.3096176231E-01  1.8608136826E-03
-0.9750  2.2737122671E-01 -4.8508961252E-03 -2.2696644182E-01  3.5625842385E-03
-0.9625  2.2398360414E-01 -7.1549975876E-03 -2.2309267698E-01  5.1221253257E-03
-0.9500  2.2087964365E-01 -9.3886459599E-03 -2.1932945974E-01  6.5548306960E-03
-0.9375  2.1803849352E-01 -1.1558855246E-02 -2.1566660206E-01  7.8747856228E-03
-0.9250  2.1544105666E-01 -1.3672043677E-02 -2.1209466696E-01  9.0948700012E-03
-0.9125  2.1306985330E-01 -1.5734079482E-02 -2.0860490518E-01  1.0226853716E-02
-0.9000  2.1090889419E-01 -1.7750323410E-02 -2.0518919713E-01  1.1281484829E-02
-0.8875  2.0894356333E-01 -1.9725668231E-02 -2.0183999953E-01  1.2268571102E-02
-0.8750  2.0716050972E-01 -2.1664575393E-02 -1.9855029654E-01  1.3197055330E-02
-0.8625  2.0554754749E-01 -2.3571109031E-02 -1.9531355485E-01  1.4075084946E-02
-0.8500  2.0409356357E-01 -2.5448967497E-02 -1.9212368254E-01  1.4910076295E-02
-0.8375  2.0278843264E-01 -2.7301512579E-02 -1.8897499133E-01  1.5708773980E-02
-0.8250  2.0162293856E-01 -2.9131796552E-02 -1.8586216193E-01  1.6477305631E-02
-0.8125  2.0058870200E-01 -3.0942587216E-02 -1.8278021232E-01  1.7221232442E-02
-0.8000  1.9967811366E-01 -3.2736391053E-02 -1.7972446856E-01  1.7945595778E-02
-0.7875  1.9888427281E-01 -3.4515474624E-02 -1.7669053814E-01  1.8654960154E-02
-0.7750  1.9820093057E-01 -3.6281884333E-02 -1.7367428544E-01  1.9353452839E-02
-0.7625  1.9762243776E-01 -3.8037464664E-02 -1.7067180926E-01  2.0044800359E-02
-0.7500  1.9714369686E-01 -3.9783875003E-02 -1.6767942221E-01  2.0732362109E-02
-0.7375  1.9676011779E-01 -4.1522605137E-02 -1.6469363176E-01  2.1419161305E-02
-0.7250  1.9646757729E-01 -4.3254989513E-02 -1.6171112290E-01  2.2107913476E-02
-0.7125  1.9626238151E-01 -4.4982220372E-02 -1.5872874216E-01  2.2801052672E-02
-0.7000  1.9614123167E-01 -4.6705359805E-02 -1.5574348299E-01  2.3500755571E-02
-0.6875  1.9610119248E-01 -4.8425350825E-02 -1.5275247229E-01  2.4208963645E-02
-0.6750  1.9613966322E-01 -5.0143027527E-02 -1.4975295803E-01  2.4927403532E-02
-0.6625  1.9625435112E-01 -5.1859124390E-02 -1.4674229789E-01  2.5657605745E-02
-0.6500  1.9644324698E-01 -5.3574284794E-02 -1.4371794874E-01  2.6400921858E-02
-0.6375  1.9670460286E-01 -5.5289068800E-02 -1.4067745704E-01  2.7158540280E-02
-0.6250  1.9703691156E-01 -5.7003960258E-02 -1.3761844993E-01  2.7931500731E-02
-0.6125  1.9743888794E-01 -5.8719373281E-02 -1.3453862697E-01  2.8720707512E-02
-0.6000  1.9790945177E-01 -6.0435658141E-02 -1.3143575261E-01  2.9526941680E-02
-0.5875  1.9844771207E-01 -6.2153106624E-02 -1.2830764916E-01  3.0350872192E-02
-0.5750  1.9905295282E-01 -6.3871956891E-02 -1.2515219027E-01  3.1193066125E-02
-0.5625  1.9972461993E-01 -6.5592397879E-02 -1.2196729491E-01  3.2053998023E-02
-0.5500  2.0046230935E-01 -6.7314573273E-02 -1.1875092178E-01  3.2934058452E-02
-0.5375  2.0126575627E-01 -6.9038585095E-02 -1.1550106407E-01  3.3833561822E-02
-0.5250  2.0213482531E-01 -7.0764496928E-02 -1.1221574462E-01  3.4752753545E-02
-0.5125  2.0306950158E-01 -7.2492336804E-02 -1.0889301137E-01  3.5691816560E-02
-0.5000  2.0406988261E-01 -7.4222099793E-02 -1.0553093311E-01  3.6650877300E-02
-0.4875  2.0513617108E-01 -7.5953750307E-02 -1.0212759546E-01  3.7630011134E-02
-0.4750  2.0626866818E-01 -7.7687224148E-02 -9.8681097138E-02  3.8629247329E-02
-0.4625  2.0746776773E-01 -7.9422430314E-02 -9.5189546393E-02  3.9648573569E-02
-0.4500  2.0873395081E-01 -8.1159252589E-02 -9.1651057663E-02  4.0687940073E-02
-0.4375  2.1006778103E-01 -8.2897550940E-02 -8.8063748373E-02  4.1747263335E-02
-0.4250  2.1146990027E-01 -8.4637162721E-02 -8.4425735908E-02  4.2826429532E-02
-0.4125  2.1294102491E-01 -8.6377903715E-02 -8.0735134710E-02  4.3925297613E-02
-0.4000  2.1448194250E-01 -8.8119569025E-02 -7.6990053503E-02  4.5043702103E-02
-0.3875  2.1609350885E-01 -8.9861933821E-02 -7.3188592615E-02  4.6181455642E-02
-0.3750  2.1777664548E-01 -9.1604753966E-02 -6.9328841406E-02  4.7338351286E-02
-0.3625  2.1953233742E-01 -9.3347766516E-02 -6.5408875767E-02  4.8514164585E-02
-0.3500  2.2136163136E-01 -9.5090690130E-02 -6.1426755694E-02  4.9708655458E-02
-0.3375  2.2326563406E-01 -9.6833225366E-02 -5.7380522921E-02  5.0921569884E-02
-0.3250  2.2524551105E-01 -9.8575054909E-02 -5.3268198600E-02  5.2152641420E-02
-0.3125  2.2730248564E-01 -1.0031584370E-01 -4.9087781027E-02  5.3401592564E-02
-0.3000  2.2943783809E-01 -1.0205523902E-01 -4.4837243394E-02  5.4668135975E-02
-0.2875  2.3165290507E-01 -1.0379287049E-01 -4.0514531572E-02  5.5951975563E-02
-0.2750  2.3394907930E-01 -1.0552834998E-01 -3.6117561898E-02  5.7252807453E-02
-0.2625  2.3632780939E-01 -1.0726127157E-01 -3.1644218985E-02  5.8570320845E-02
-0.2500  2.3879059988E-01 -1.0899121136E-01 -2.7092353520E-02  5.9904198764E-02
-0.2375  2.4133901145E-01 -1.1071772725E-01 -2.2459780062E-02  6.1254118724E-02
-0.2250  2.4397466132E-01 -1.1244035874E-01 -1.7744274826E-02  6.2619753298E-02
-0.2125  2.4669922373E-01 -1.1415862667E-01 -1.2943573443E-02  6.4000770613E-02
-0.2000  2.4951443068E-01 -1.1587203288E-01 -8.0553687013E-03  6.5396834766E-02
-0.1875  2.5242207277E-01 -1.1758005990E-01 -3.0773082402E-03  6.6807606170E-02
-0.1750  2.5542400012E-01 -1.1928217061E-01  1.9930077848E-03  6.8232741842E-02
-0.1625  2.5852212357E-01 -1.2097780784E-01  7.1580290932E-03  6.9671895619E-02
-0.1500  2.6171841584E-01 -1.2266639399E-01  1.2420257724E-02  7.1124718324E-02
-0.1375  2.6501491297E-01 -1.2434733060E-01  1.7782250541E-02  7.2590857875E-02
-0.1250  2.6841371585E-01 -1.2601999794E-01  2.3246621818E-02  7.4069959336E-02
-0.1125  2.7191699177E-01 -1.2768375451E-01  2.8816045890E-02  7.5561664924E-02
-0.1000  2.7552697631E-01 -1.2933793665E-01  3.4493259905E-02  7.7065613959E-02
-0.0875  2.7924597516E-01 -1.3098185797E-01  4.0281066664E-02  7.8581442767E-02
-0.0750  2.8307636620E-01 -1.3261480893E-01  4.6182337570E-02  8.0108784534E-02
-0.0625  2.8702060165E-01 -1.3423605630E-01  5.2200015694E-02  8.1647269108E-02
-0.0500  2.9108121043E-01 -1.3584484265E-01  5.8337118965E-02  8.3196522748E-02
-0.0375  2.9526080057E-01 -1.3744038579E-01  6.4596743498E-02  8.4756167824E-02
-0.0250  2.9956206184E-01 -1.3902187825E-01  7.0982067073E-02  8.6325822457E-02
-0.0125  3.0398776854E-01 -1.4058848670E-01  7.7496352770E-02  8.7905100101E-02
-0.0000  3.0854078241E-01 -1.4213935138E-01  8.4142952785E-02  8.9493609066E-02
 0.0125  3.1322405573E-01 -1.4367358547E-01  9.0925312431E-02  9.1090951971E-02
 0.0250  3.1804063466E-01 -1.4519027452E-01  9.7846974344E-02  9.2696725125E-02
 0.0375  3.2299366266E-01 -1.4668847578E-01  1.0491158291E-01  9.4310517833E-02
 0.0500  3.2808638423E-01 -1.4816721754E-01  1.1212288892E-01  9.5931911611E-02
 0.0625  3.3332214881E-01 -1.4962549846E-01  1.1948475450E-01  9.7560479315E-02
 0.0750  3.3870441492E-01 -1.5106228683E-01  1.2700115829E-01  9.9195784162E-02
 0.0875  3.4423675458E-01 -1.5247651986E-01  1.3467620095E-01  1.0083737864E-01
 0.1000  3.4992285798E-01 -1.5386710284E-01  1.4251411094E-01  1.0248480329E-01
 0.1125  3.5576653846E-01 -1.5523290838E-01  1.5051925069E-01  1.0413758538E-01
 0.1250  3.6177173779E-01 -1.5657277548E-01  1.5869612311E-01  1.0579523734E-01
 0.1375  3.6794253177E-01 -1.5788550867E-01  1.6704937850E-01  1.0745725516E-01
 0.1500  3.7428313630E-01 -1.5916987699E-01  1.7558382189E-01  1.0912311649E-01
 0.1625  3.8079791370E-01 -1.6042461293E-01  1.8430442080E-01  1.1079227858E-01
 0.1750  3.8749137960E-01 -1.6164841139E-01  1.9321631357E-01  1.1246417599E-01
 0.1875  3.9436821021E-01 -1.6283992840E-01  2.0232481812E-01  1.1413821801E-01
 0.2000  4.0143325014E-01 -1.6399777988E-01  2.1163544136E-01  1.1581378588E-01
 0.2125  4.0869152080E-01 -1.6512054022E-01  2.2115388910E-01  1.1749022956E-01
 0.2250  4.1614822934E-01 -1.6620674080E-01  2.3088607673E-01  1.1916686431E-01
 0.2375  4.2380877829E-01 -1.6725486830E-01  2.4083814053E-01  1.2084296675E-01
 0.2500  4.3167877592E-01 -1.6826336297E-01  2.5101644968E-01  1.2251777055E-01
 0.2625  4.3976404737E-01 -1.6923061662E-01  2.6142761918E-01  1.2419046166E-01
 0.2750  4.4807064663E-01 -1.7015497053E-01  2.7207852352E-01  1.2586017299E-01
 0.2875  4.5660486943E-01 -1.7103471308E-01  2.8297631138E-01  1.2752597847E-01
 0.3000  4.6537326719E-01 -1.7186807715E-01  2.9412842117E-01  1.2918688653E-01
 0.3125  4.7438266203E-01 -1.7265323733E-01  3.0554259776E-01  1.3084183286E-01
 0.3250  4.8364016300E-01 -1.7338830676E-01  3.1722691029E-01  1.3248967229E-01
 0.3375  4.9315318364E-01 -1.7407133367E-01  3.2918977115E-01  1.3412916992E-01
 0.3500  5.0292946097E-01 -1.7470029755E-01  3.4143995631E-01  1.3575899120E-01
 0.3625  5.1297707602E-01 -1.7527310496E-01  3.5398662705E-01  1.3737769094E-01
 0.3750  5.2330447616E-01 -1.7578758482E-01  3.6683935309E-01  1.3898370119E-01
 0.3875  5.3392049920E-01 -1.7624148320E-01  3.8000813742E-01  1.4057531780E-01
 0.4000  5.4483439961E-01 -1.7663245758E-01  3.9350344277E-01  1.4215068549E-01
 0.4125  5.5605587701E-01 -1.7695807049E-01  4.0733621990E-01  1.4370778143E-01
 0.4250  5.6759510701E-01 -1.7721578235E-01  4.2151793787E-01  1.4524439697E-01
 0.4375  5.7946277483E-01 -1.7740294362E-01  4.3606061639E-01  1.4675811752E-01
 0.4500  5.9167011177E-01 -1.7751678609E-01  4.5097686040E-01  1.4824630026E-01
 0.4625  6.0422893498E-01 -1.7755441306E-01  4.6627989702E-01  1.4970604953E-01
 0.4750  6.1715169063E-01 -1.7751278864E-01  4.8198361508E-01  1.5113418969E-01
 0.4875  6.3045150102E-01 -1.7738872566E-01  4.9810260739E-01  1.5252723502E-01
 0.5000  6.4414221573E-01 -1.7717887238E-01  5.1465221587E-01  1.5388135666E-01
 0.5125  6.5823846754E-01 -1.7687969765E-01  5.3164857991E-01  1.5519234605E-01
 0.5250  6.7275573321E-01 -1.7648747445E-01  5.4910868791E-01  1.5645557456E-01
 0.5375  6.8771039979E-01 -1.7599826161E-01  5.6705043256E-01  1.5766594908E-01
 0.5500  7.0311983695E-01 -1.7540788350E-01  5.8549266978E-01  1.5881786302E-01
 0.5625  7.1900247578E-01 -1.7471190748E-01  6.0445528182E-01  1.5990514230E-01
 0.5750  7.3537789483E-01 -1.7390561890E-01  6.2395924465E-01  1.6092098591E-01
 0.5875  7.5226691391E-01 -1.7298399333E-01  6.4402670002E-01  1.6185790046E-01
 0.6000  7.6969169648E-01 -1.7194166574E-01  6.6468103247E-01  1.6270762811E-01
 0.6125  7.8767586132E-01 -1.7077289642E-01  6.8594695157E-01  1.6346106732E-01
 0.6250  8.0624460450E-01 -1.6947153302E-01  7.0785057989E-01  1.6410818565E-01
 0.6375  8.2542483241E-01 -1.6803096873E-01  7.3041954693E-01  1.6463792396E-01
 0.6500  8.4524530705E-01 -1.6644409570E-01  7.5368308943E-01  1.6503809103E-01
 0.6625  8.6573680453E-01 -1.6470325366E-01  7.7767215865E-01  1.6529524781E-01
 0.6750  8.8693228822E-01 -1.6280017296E-01  8.0241953480E-01  1.6539458039E-01
 0.6875  9.0886709764E-01 -1.6072591152E-01  8.2795994933E-01  1.6531976033E-01
 0.7000  9.3157915477E-01 -1.5847078520E-01  8.5433021553E-01  1.6505279158E-01
 0.7125  9.5510918920E-01 -1.5602429067E-01  8.8156936793E-01  1.6457384240E-01
 0.7250  9.7950098395E-01 -1.5337502033E-01  9.0971881108E-01  1.6386106096E-01
 0.7375  1.0048016438E+00 -1.5051056820E-01  9.3882247845E-01  1.6289037333E-01
 0.7500  1.0310618880E+00 -1.4741742606E-01  9.6892700191E-01  1.6163526187E-01
 0.7625  1.0583363704E+00 -1.4408086883E-01  1.0000818927E+00  1.6006652248E-01
 0.7750  1.0866840278E+00 -1.4048482799E-01  1.0323397341E+00  1.5815199872E-01
 0.7875  1.1161684609E+00 -1.3661175216E-01  1.0657563880E+00  1.5585629057E-01
 0.8000  1.1468583498E+00 -1.3244245321E-01  1.1003912136E+00  1.5314043569E-01
 0.8125  1.1788279074E+00 -1.2795593681E-01  1.1363073022E+00  1.4996156052E-01
 0.8250  1.2121573739E+00 -1.2312921573E-01  1.1735717264E+00  1.4627249866E-01
 0.8375  1.2469335562E+00 -1.1793710420E-01  1.2122558063E+00  1.4202137336E-01
 0.8500  1.2832504165E+00 -1.1235199166E-01  1.2524353935E+00  1.3715114116E-01
 0.8625  1.3212097141E+00 -1.0634359380E-01  1.2941911726E+00  1.3159909296E-01
 0.8750  1.3609217052E+00 -9.9878678712E-02  1.3376089837E+00  1.2529630889E-01
 0.8875  1.4025059060E+00 -9.2920765893E-02  1.3827801650E+00  1.1816706273E-01
 0.9000  1.4460919246E+00 -8.5429795414E-02  1.4298019183E+00  1.1012817157E-01
 0.9125  1.4918203675E+00 -7.7361764518E-02  1.4787776977E+00  1.0108828573E-01
 0.9250  1.5398438279E+00 -6.8668328556E-02  1.5298176236E+00  9.0947113689E-02
 0.9375  1.5903279626E+00 -5.9296362940E-02  1.5830389234E+00  7.9594576452E-02
 0.9500  1.6434526650E+00 -4.9187482478E-02  1.6385664002E+00  6.6909884999E-02
 0.9625  1.6994133428E+00 -3.8277514139E-02  1.6965329316E+00  5.2760534226E-02
 0.9750  1.7584223102E+00 -2.6495918956E-02  1.7570800007E+00  3.7001206072E-02
 0.9875  1.8207103029E+00 -1.3765158379E-02  1.8203582593E+00  1.9472573953E-02
 1.0000  1.8865281289E+00  0.0000000000E+00  1.8865281289E+00  9.0952409567E-18
