lambda(um), Cext(cm^2/H), albedo, <cos>, # of angles
   0.62310  4.10049E-22   0.67386   0.51018   161
cos(theta),     S11,               S12,             S33,             S34
-1.0000  1.4944623142E-01 -1.2233312936E-19 -1.4944623142E-01 -9.9462525003E-19
-0.9875  1.4683937196E-01 -6.2494147862E-05 -1.4669982604E-01  3.5431037740E-04
-0.9750  1.4450067598E-01 -1.5132569118E-04 -1.4395523620E-01  6.7630984022E-04
-0.9625  1.4241107478E-01 -2.6981887406E-04 -1.4121141642E-01  9.7210073161E-04
-0.9500  1.4055314140E-01 -4.2049633288E-04 -1.3846762404E-01  1.2470680512E-03
-0.9375  1.3891091345E-01 -6.0520055543E-04 -1.3572337368E-01  1.5059665206E-03
-0.9250  1.3746973848E-01 -8.2519840176E-04 -1.3297839707E-01  1.7529967923E-03
-0.9125  1.3621613867E-01 -1.0812709672E-03 -1.3023260770E-01  1.9918721877E-03
-0.9000  1.3513769262E-01 -1.3737907743E-03 -1.2748606962E-01  2.2258771744E-03
-0.8875  1.3422293176E-01 -1.7027880236E-03 -1.2473896993E-01  2.4579186423E-03
-0.8750  1.3346124963E-01 -2.0680074060E-03 -1.2199159453E-01  2.6905708993E-03
-0.8625  1.3284282225E-01 -2.4689567845E-03 -1.1924430660E-01  2.9261151939E-03
-0.8500  1.3235853815E-01 -2.9049488758E-03 -1.1649752775E-01  3.1665744641E-03
-0.8375  1.3199993677E-01 -3.3751369145E-03 -1.1375172116E-01  3.4137439249E-03
-0.8250  1.3175915420E-01 -3.8785451500E-03 -1.1100737686E-01  3.6692180250E-03
-0.8125  1.3162887518E-01 -4.4140949066E-03 -1.0826499855E-01  3.9344142354E-03
-0.8000  1.3160229061E-01 -4.9806268444E-03 -1.0552509211E-01  4.2105940712E-03
-0.7875  1.3167305991E-01 -5.5769199628E-03 -1.0278815525E-01  4.4988816950E-03
-0.7750  1.3183527742E-01 -6.2017078199E-03 -1.0005466854E-01  4.8002804060E-03
-0.7625  1.3208344254E-01 -6.8536923684E-03 -9.7325087371E-02  5.1156872758E-03
-0.7500  1.3241243291E-01 -7.5315557574E-03 -9.4599834864E-02  5.4459061604E-03
-0.7375  1.3281748045E-01 -8.2339703950E-03 -9.1879295655E-02  5.7916592851E-03
-0.7250  1.3329414973E-01 -8.9596075276E-03 -8.9163810363E-02  6.1535975734E-03
-0.7125  1.3383831850E-01 -9.7071445518E-03 -8.6453670736E-02  6.5323098698E-03
-0.7000  1.3444616005E-01 -1.0475271246E-02 -8.3749115356E-02  6.9283311840E-03
-0.6875  1.3511412720E-01 -1.1262695078E-02 -8.1050325869E-02  7.3421500688E-03
-0.6750  1.3583893775E-01 -1.2068145724E-02 -7.8357423658E-02  7.7742152291E-03
-0.6625  1.3661756121E-01 -1.2890378916E-02 -7.5670466913E-02  8.2249414454E-03
-0.6500  1.3744720660E-01 -1.3728179708E-02 -7.2989448054E-02  8.6947148866E-03
-0.6375  1.3832531140E-01 -1.4580365250E-02 -7.0314291464E-02  9.1838978734E-03
-0.6250  1.3924953126E-01 -1.5445787140E-02 -6.7644851478E-02  9.6928331507E-03
-0.6125  1.4021773063E-01 -1.6323333402E-02 -6.4980910618E-02  1.0221847716E-02
-0.6000  1.4122797410E-01 -1.7211930160E-02 -6.2322178022E-02  1.0771256245E-02
-0.5875  1.4227851841E-01 -1.8110543027E-02 -5.9668288036E-02  1.1341364155E-02
-0.5750  1.4336780509E-01 -1.9018178264E-02 -5.7018798964E-02  1.1932470338E-02
-0.5625  1.4449445366E-01 -1.9933883728E-02 -5.4373191925E-02  1.2544869586E-02
-0.5500  1.4565725535E-01 -2.0856749636E-02 -5.1730869807E-02  1.3178854743E-02
-0.5375  1.4685516734E-01 -2.1785909178E-02 -4.9091156305E-02  1.3834718604E-02
-0.5250  1.4808730742E-01 -2.2720538973E-02 -4.6453294999E-02  1.4512755576E-02
-0.5125  1.4935294907E-01 -2.3659859410E-02 -4.3816448484E-02  1.5213263121E-02
-0.5000  1.5065151699E-01 -2.4603134870E-02 -4.1179697511E-02  1.5936543003E-02
-0.4875  1.5198258295E-01 -2.5549673845E-02 -3.8542040138E-02  1.6682902344E-02
-0.4750  1.5334586208E-01 -2.6498828970E-02 -3.5902390866E-02  1.7452654509E-02
-0.4625  1.5474120945E-01 -2.7449996959E-02 -3.3259579762E-02  1.8246119826E-02
-0.4500  1.5616861697E-01 -2.8402618476E-02 -3.0612351531E-02  1.9063626154E-02
-0.4375  1.5762821067E-01 -2.9356177920E-02 -2.7959364556E-02  1.9905509316E-02
-0.4250  1.5912024827E-01 -3.0310203158E-02 -2.5299189867E-02  2.0772113384E-02
-0.4125  1.6064511702E-01 -3.1264265181E-02 -2.2630310044E-02  2.1663790849E-02
-0.4000  1.6220333188E-01 -3.2217977711E-02 -1.9951118041E-02  2.2580902671E-02
-0.3875  1.6379553394E-01 -3.3170996750E-02 -1.7259915916E-02  2.3523818207E-02
-0.3750  1.6542248917E-01 -3.4123020072E-02 -1.4554913464E-02  2.4492915043E-02
-0.3625  1.6708508744E-01 -3.5073786670E-02 -1.1834226739E-02  2.5488578719E-02
-0.3500  1.6878434177E-01 -3.6023076152E-02 -9.0958764601E-03  2.6511202351E-02
-0.3375  1.7052138788E-01 -3.6970708087E-02 -6.3377862915E-03  2.7561186170E-02
-0.3250  1.7229748405E-01 -3.7916541313E-02 -3.5577809844E-03  2.8638936967E-02
-0.3125  1.7411401117E-01 -3.8860473192E-02 -7.5358437958E-04  2.9744867449E-02
-0.3000  1.7597247311E-01 -3.9802438825E-02  2.0771827429E-03  3.0879395516E-02
-0.2875  1.7787449733E-01 -4.0742410226E-02  4.9370049731E-03  3.2042943454E-02
-0.2750  1.7982183578E-01 -4.1680395445E-02  7.8284747476E-03  3.3235937059E-02
-0.2625  1.8181636605E-01 -4.2616437655E-02  1.0754295001E-02  3.4458804667E-02
-0.2500  1.8386009279E-01 -4.3550614193E-02  1.3717282003E-02  3.5711976129E-02
-0.2375  1.8595514943E-01 -4.4483035555E-02  1.6720368383E-02  3.6995881699E-02
-0.2250  1.8810380012E-01 -4.5413844351E-02  1.9766606358E-02  3.8310950859E-02
-0.2125  1.9030844200E-01 -4.6343214206E-02  2.2859171169E-02  3.9657611061E-02
-0.2000  1.9257160774E-01 -4.7271348619E-02  2.6001364732E-02  4.1036286416E-02
-0.1875  1.9489596836E-01 -4.8198479777E-02  2.9196619519E-02  4.2447396292E-02
-0.1750  1.9728433634E-01 -4.9124867310E-02  3.2448502669E-02  4.3891353859E-02
-0.1625  1.9973966904E-01 -5.0050797001E-02  3.5760720348E-02  4.5368564555E-02
-0.1500  2.0226507243E-01 -5.0976579435E-02  3.9137122360E-02  4.6879424479E-02
-0.1375  2.0486380512E-01 -5.1902548598E-02  4.2581707026E-02  4.8424318723E-02
-0.1250  2.0753928270E-01 -5.2829060413E-02  4.6098626335E-02  5.0003619621E-02
-0.1125  2.1029508247E-01 -5.3756491211E-02  4.9692191382E-02  5.1617684932E-02
-0.1000  2.1313494842E-01 -5.4685236143E-02  5.3366878105E-02  5.3266855946E-02
-0.0875  2.1606279666E-01 -5.5615707515E-02  5.7127333326E-02  5.4951455517E-02
-0.0750  2.1908272109E-01 -5.6548333060E-02  6.0978381125E-02  5.6671786017E-02
-0.0625  2.2219899958E-01 -5.7483554127E-02  6.4925029536E-02  5.8428127216E-02
-0.0500  2.2541610044E-01 -5.8421823786E-02  6.8972477603E-02  6.0220734076E-02
-0.0375  2.2873868929E-01 -5.9363604864E-02  7.3126122793E-02  6.2049834472E-02
-0.0250  2.3217163641E-01 -6.0309367872E-02  7.7391568797E-02  6.3915626821E-02
-0.0125  2.3572002447E-01 -6.1259588853E-02  8.1774633715E-02  6.5818277630E-02
-0.0000  2.3938915668E-01 -6.2214747122E-02  8.6281358670E-02  6.7757918955E-02
 0.0125  2.4318456549E-01 -6.3175322907E-02  9.0918016837E-02  6.9734645773E-02
 0.0250  2.4711202168E-01 -6.4141794876E-02  9.5691122942E-02  7.1748513251E-02
 0.0375  2.5117754401E-01 -6.5114637553E-02  1.0060744322E-01  7.3799533932E-02
 0.0500  2.5538740937E-01 -6.6094318602E-02  1.0567400587E-01  7.5887674817E-02
 0.0625  2.5974816352E-01 -6.7081295996E-02  1.1089811206E-01  7.8012854343E-02
 0.0750  2.6426663232E-01 -6.8076015038E-02  1.1628734741E-01  8.0174939258E-02
 0.0875  2.6894993365E-01 -6.9078905251E-02  1.2184959412E-01  8.2373741394E-02
 0.1000  2.7380548991E-01 -7.0090377107E-02  1.2759304367E-01  8.4609014323E-02
 0.1125  2.7884104120E-01 -7.1110818605E-02  1.3352621015E-01  8.6880449897E-02
 0.1250  2.8406465917E-01 -7.2140591687E-02  1.3965794429E-01  8.9187674673E-02
 0.1375  2.8948476166E-01 -7.3180028470E-02  1.4599744814E-01  9.1530246218E-02
 0.1500  2.9511012805E-01 -7.4229427306E-02  1.5255429058E-01  9.3907649278E-02
 0.1625  3.0094991543E-01 -7.5289048644E-02  1.5933842356E-01  9.6319291826E-02
 0.1750  3.0701367571E-01 -7.6359110691E-02  1.6636019922E-01  9.8764500968E-02
 0.1875  3.1331137352E-01 -7.7439784866E-02  1.7363038789E-01  1.0124251871E-01
 0.2000  3.1985340518E-01 -7.8531191032E-02  1.8116019704E-01  1.0375249757E-01
 0.2125  3.2665061868E-01 -7.9633392488E-02  1.8896129129E-01  1.0629349608E-01
 0.2250  3.3371433467E-01 -8.0746390732E-02  1.9704581346E-01  1.0886447402E-01
 0.2375  3.4105636875E-01 -8.1870119957E-02  2.0542640683E-01  1.1146428765E-01
 0.2500  3.4868905493E-01 -8.3004441285E-02  2.1411623861E-01  1.1409168462E-01
 0.2625  3.5662527043E-01 -8.4149136722E-02  2.2312902485E-01  1.1674529877E-01
 0.2750  3.6487846193E-01 -8.5303902816E-02  2.3247905670E-01  1.1942364472E-01
 0.2875  3.7346267337E-01 -8.6468344011E-02  2.4218122833E-01  1.2212511228E-01
 0.3000  3.8239257542E-01 -8.7641965682E-02  2.5225106654E-01  1.2484796058E-01
 0.3125  3.9168349670E-01 -8.8824166826E-02  2.6270476225E-01  1.2759031203E-01
 0.3250  4.0135145701E-01 -9.0014232403E-02  2.7355920397E-01  1.3035014603E-01
 0.3375  4.1141320268E-01 -9.1211325315E-02  2.8483201358E-01  1.3312529232E-01
 0.3500  4.2188624416E-01 -9.2414477980E-02  2.9654158448E-01  1.3591342415E-01
 0.3625  4.3278889619E-01 -9.3622583517E-02  3.0870712246E-01  1.3871205101E-01
 0.3750  4.4414032073E-01 -9.4834386488E-02  3.2134868952E-01  1.4151851106E-01
 0.3875  4.5596057293E-01 -9.6048473199E-02  3.3448725098E-01  1.4432996315E-01
 0.4000  4.6827065039E-01 -9.7263261523E-02  3.4814472620E-01  1.4714337823E-01
 0.4125  4.8109254625E-01 -9.8476990211E-02  3.6234404338E-01  1.4995553043E-01
 0.4250  4.9444930622E-01 -9.9687707689E-02  3.7710919886E-01  1.5276298726E-01
 0.4375  5.0836509040E-01 -1.0089326026E-01  3.9246532148E-01  1.5556209927E-01
 0.4500  5.2286524001E-01 -1.0209127973E-01  4.0843874262E-01  1.5834898865E-01
 0.4625  5.3797635001E-01 -1.0327917032E-01  4.2505707263E-01  1.6111953687E-01
 0.4750  5.5372634814E-01 -1.0445409493E-01  4.4234928445E-01  1.6386937101E-01
 0.4875  5.7014458121E-01 -1.0561296059E-01  4.6034580543E-01  1.6659384852E-01
 0.5000  5.8726190971E-01 -1.0675240298E-01  4.7907861835E-01  1.6928804015E-01
 0.5125  6.0511081181E-01 -1.0786877013E-01  4.9858137300E-01  1.7194671060E-01
 0.5250  6.2372549807E-01 -1.0895810483E-01  5.1888950973E-01  1.7456429627E-01
 0.5375  6.4314203846E-01 -1.1001612594E-01  5.4004039662E-01  1.7713487973E-01
 0.5500  6.6339850348E-01 -1.1103820817E-01  5.6207348240E-01  1.7965215990E-01
 0.5625  6.8453512150E-01 -1.1201936010E-01  5.8503046718E-01  1.8210941702E-01
 0.5750  7.0659445500E-01 -1.1295420032E-01  6.0895549381E-01  1.8449947130E-01
 0.5875  7.2962159845E-01 -1.1383693098E-01  6.3389536288E-01  1.8681463371E-01
 0.6000  7.5366440164E-01 -1.1466130851E-01  6.5989977492E-01  1.8904664706E-01
 0.6125  7.7877372250E-01 -1.1542061079E-01  6.8702160390E-01  1.9118661519E-01
 0.6250  8.0500371434E-01 -1.1610759992E-01  7.1531720706E-01  1.9322491747E-01
 0.6375  8.3241215364E-01 -1.1671447966E-01  7.4484677636E-01  1.9515110523E-01
 0.6500  8.6106081513E-01 -1.1723284631E-01  7.7567473829E-01  1.9695377607E-01
 0.6625  8.9101590267E-01 -1.1765363138E-01  8.0787020964E-01  1.9862042075E-01
 0.6750  9.2234854589E-01 -1.1796703411E-01  8.4150751775E-01  2.0013723674E-01
 0.6875  9.5513537432E-01 -1.1816244147E-01  8.7666679584E-01  2.0148890059E-01
 0.7000  9.8945918314E-01 -1.1822833246E-01  9.1343466503E-01  2.0265829012E-01
 0.7125  1.0254097074E+00 -1.1815216299E-01  9.5190501698E-01  2.0362614498E-01
 0.7250  1.0630845250E+00 -1.1792022661E-01  9.9217991316E-01  2.0437065204E-01
 0.7375  1.1025901112E+00 -1.1751748519E-01  1.0343706194E+00  2.0486693896E-01
 0.7500  1.1440430753E+00 -1.1692736238E-01  1.0785987972E+00  2.0508645577E-01
 0.7625  1.1875716114E+00 -1.1613149083E-01  1.1249978773E+00  2.0499622013E-01
 0.7750  1.2333172047E+00 -1.1510940232E-01  1.1737146437E+00  2.0455789666E-01
 0.7875  1.2814366419E+00 -1.1383814697E-01  1.2249110632E+00  2.0372667474E-01
 0.8000  1.3321043834E+00 -1.1229182525E-01  1.2787663980E+00  2.0244990165E-01
 0.8125  1.3855153655E+00 -1.1044101210E-01  1.3354796481E+00  2.0066541916E-01
 0.8250  1.4418883151E+00 -1.0825204836E-01  1.3952723743E+00  1.9829954106E-01
 0.8375  1.5014696748E+00 -1.0568616909E-01  1.4583919641E+00  1.9526459630E-01
 0.8500  1.5645382548E+00 -1.0269843139E-01  1.5251154089E+00  1.9145594748E-01
 0.8625  1.6314107496E+00 -9.9236396703E-02  1.5957536750E+00  1.8674837608E-01
 0.8750  1.7024482854E+00 -9.5238512389E-02  1.6706567606E+00  1.8099170430E-01
 0.8875  1.7780641946E+00 -9.0632125810E-02  1.7502195473E+00  1.7400549768E-01
 0.9000  1.8587332507E+00 -8.5331049923E-02  1.8348885709E+00  1.6557266197E-01
 0.9125  1.9450026412E+00 -7.9232582286E-02  1.9251698540E+00  1.5543171110E-01
 0.9250  2.0375050098E+00 -7.2213858928E-02  2.0216379671E+00  1.4326744006E-01
 0.9375  2.1369739582E+00 -6.4127399931E-02  2.1249465072E+00  1.2869968467E-01
 0.9500  2.2442624744E+00 -5.4795674159E-02  2.2358402130E+00  1.1126978944E-01
 0.9625  2.3603648396E+00 -4.4004475264E-02  2.3551689692E+00  9.0424332111E-02
 0.9750  2.4864426670E+00 -3.1494859050E-02  2.4839039886E+00  6.5495567845E-02
 0.9875  2.6238558510E+00 -1.6953341897E-02  2.6231565027E+00  3.5677954429E-02
 1.0000  2.7741993439E+00  0.0000000000E+00  2.7741993439E+00 -1.4794512726E-18
