lambda(um), Cext(cm^2/H), albedo, <cos>, # of angles
   0.76250  3.05083E-22   0.66209   0.45352   161
cos(theta),     S11,               S12,             S33,             S34
-1.0000  1.8649120194E-01 -5.3933527810E-19 -1.8649120194E-01 -1.0909013159E-19
-0.9875  1.8323154330E-01 -1.4717180711E-03 -1.8312679954E-01  8.7666833510E-04
-0.9750  1.8026288719E-01 -2.8663433770E-03 -1.7985333708E-01  1.6625774797E-03
-0.9625  1.7756293277E-01 -4.1934290690E-03 -1.7666162246E-01  2.3709071519E-03
-0.9500  1.7511143427E-01 -5.4615334867E-03 -1.7354325146E-01  3.0135319688E-03
-0.9375  1.7289000833E-01 -6.6783217849E-03 -1.7049053472E-01  3.6011447161E-03
-0.9250  1.7088195972E-01 -7.8506573604E-03 -1.6749643151E-01  4.1433680555E-03
-0.9125  1.6907212374E-01 -8.9846840787E-03 -1.6455448932E-01  4.6488557427E-03
-0.9000  1.6744672384E-01 -1.0085900204E-02 -1.6165878910E-01  5.1253843343E-03
-0.8875  1.6599324274E-01 -1.1159224852E-02 -1.5880389529E-01  5.5799362698E-03
-0.8750  1.6470030603E-01 -1.2209057711E-02 -1.5598481042E-01  6.0187751360E-03
-0.8625  1.6355757695E-01 -1.3239332688E-02 -1.5319693376E-01  6.4475138466E-03
-0.8500  1.6255566123E-01 -1.4253566110E-02 -1.5043602361E-01  6.8711764007E-03
-0.8375  1.6168602114E-01 -1.5254899993E-02 -1.4769816298E-01  7.2942538262E-03
-0.8250  1.6094089783E-01 -1.6246140911E-02 -1.4497972832E-01  7.7207548531E-03
-0.8125  1.6031324106E-01 -1.7229794872E-02 -1.4227736095E-01  8.1542518144E-03
-0.8000  1.5979664576E-01 -1.8208098636E-02 -1.3958794102E-01  8.5979222256E-03
-0.7875  1.5938529475E-01 -1.9183047811E-02 -1.3690856374E-01  9.0545864481E-03
-0.7750  1.5907390685E-01 -2.0156422064E-02 -1.3423651769E-01  9.5267418089E-03
-0.7625  1.5885769016E-01 -2.1129807745E-02 -1.3156926491E-01  1.0016593509E-02
-0.7500  1.5873229965E-01 -2.2104618173E-02 -1.2890442283E-01  1.0526082626E-02
-0.7375  1.5869379908E-01 -2.3082111833E-02 -1.2623974761E-01  1.1056911479E-02
-0.7250  1.5873862635E-01 -2.4063408697E-02 -1.2357311898E-01  1.1610566615E-02
-0.7125  1.5886356241E-01 -2.5049504846E-02 -1.2090252625E-01  1.2188339631E-02
-0.7000  1.5906570305E-01 -2.6041285585E-02 -1.1822605561E-01  1.2791346038E-02
-0.6875  1.5934243348E-01 -2.7039537192E-02 -1.1554187834E-01  1.3420542354E-02
-0.6750  1.5969140539E-01 -2.8044957441E-02 -1.1284824004E-01  1.4076741589E-02
-0.6625  1.6011051620E-01 -2.9058165025E-02 -1.1014345077E-01  1.4760627270E-02
-0.6500  1.6059789037E-01 -3.0079707992E-02 -1.0742587584E-01  1.5472766151E-02
-0.6375  1.6115186256E-01 -3.1110071288E-02 -1.0469392748E-01  1.6213619720E-02
-0.6250  1.6177096244E-01 -3.2149683506E-02 -1.0194605699E-01  1.6983554621E-02
-0.6125  1.6245390096E-01 -3.3198922903E-02 -9.9180747599E-02  1.7782852087E-02
-0.6000  1.6319955811E-01 -3.4258122784E-02 -9.6396507791E-02  1.8611716482E-02
-0.5875  1.6400697178E-01 -3.5327576287E-02 -9.3591865126E-02  1.9470283026E-02
-0.5750  1.6487532787E-01 -3.6407540651E-02 -9.0765360496E-02  2.0358624785E-02
-0.5625  1.6580395135E-01 -3.7498241005E-02 -8.7915542764E-02  2.1276758983E-02
-0.5500  1.6679229828E-01 -3.8599873725E-02 -8.5040963762E-02  2.2224652712E-02
-0.5375  1.6783994872E-01 -3.9712609410E-02 -8.2140173609E-02  2.3202228082E-02
-0.5250  1.6894660035E-01 -4.0836595497E-02 -7.9211716307E-02  2.4209366864E-02
-0.5125  1.7011206284E-01 -4.1971958569E-02 -7.6254125598E-02  2.5245914680E-02
-0.5000  1.7133625285E-01 -4.3118806366E-02 -7.3265921054E-02  2.6311684768E-02
-0.4875  1.7261918968E-01 -4.4277229541E-02 -7.0245604365E-02  2.7406461368E-02
-0.4750  1.7396099135E-01 -4.5447303171E-02 -6.7191655812E-02  2.8530002760E-02
-0.4625  1.7536187128E-01 -4.6629088056E-02 -6.4102530907E-02  2.9682043986E-02
-0.4500  1.7682213539E-01 -4.7822631822E-02 -6.0976657167E-02  3.0862299285E-02
-0.4375  1.7834217962E-01 -4.9027969843E-02 -5.7812431023E-02  3.2070464255E-02
-0.4250  1.7992248783E-01 -5.0245125993E-02 -5.4608214827E-02  3.3306217789E-02
-0.4125  1.8156363011E-01 -5.1474113254E-02 -5.1362333966E-02  3.4569223777E-02
-0.4000  1.8326626132E-01 -5.2714934184E-02 -4.8073074046E-02  3.5859132617E-02
-0.3875  1.8503112006E-01 -5.3967581256E-02 -4.4738678152E-02  3.7175582539E-02
-0.3750  1.8685902780E-01 -5.5232037078E-02 -4.1357344158E-02  3.8518200761E-02
-0.3625  1.8875088842E-01 -5.6508274515E-02 -3.7927222087E-02  3.9886604493E-02
-0.3500  1.9070768786E-01 -5.7796256695E-02 -3.4446411504E-02  4.1280401801E-02
-0.3375  1.9273049408E-01 -5.9095936938E-02 -3.0912958935E-02  4.2699192345E-02
-0.3250  1.9482045722E-01 -6.0407258587E-02 -2.7324855304E-02  4.4142567991E-02
-0.3125  1.9697880999E-01 -6.1730154766E-02 -2.3680033373E-02  4.5610113331E-02
-0.3000  1.9920686819E-01 -6.3064548061E-02 -1.9976365192E-02  4.7101406091E-02
-0.2875  2.0150603152E-01 -6.4410350131E-02 -1.6211659531E-02  4.8616017455E-02
-0.2750  2.0387778442E-01 -6.5767461248E-02 -1.2383659305E-02  5.0153512310E-02
-0.2625  2.0632369727E-01 -6.7135769786E-02 -8.4900389744E-03  5.1713449407E-02
-0.2500  2.0884542755E-01 -6.8515151639E-02 -4.5284019153E-03  5.3295381463E-02
-0.2375  2.1144472131E-01 -6.9905469591E-02 -4.9627775923E-04  5.4898855191E-02
-0.2250  2.1412341470E-01 -7.1306572631E-02  3.6088803127E-03  5.6523411278E-02
-0.2125  2.1688343572E-01 -7.2718295217E-02  7.7896983211E-03  5.8168584306E-02
-0.2000  2.1972680606E-01 -7.4140456490E-02  1.2048884295E-02  5.9833902626E-02
-0.1875  2.2265564307E-01 -7.5572859442E-02  1.6389231140E-02  6.1518888185E-02
-0.1750  2.2567216196E-01 -7.7015290043E-02  2.0813619570E-02  6.3223056311E-02
-0.1625  2.2877867803E-01 -7.8467516315E-02  2.5325021117E-02  6.4945915462E-02
-0.1500  2.3197760913E-01 -7.9929287371E-02  2.9926501220E-02  6.6686966940E-02
-0.1375  2.3527147817E-01 -8.1400332411E-02  3.4621222398E-02  6.8445704562E-02
-0.1250  2.3866291589E-01 -8.2880359672E-02  3.9412447522E-02  7.0221614315E-02
-0.1125  2.4215466365E-01 -8.4369055343E-02  4.4303543190E-02  7.2014173969E-02
-0.1000  2.4574957646E-01 -8.5866082438E-02  4.9297983201E-02  7.3822852668E-02
-0.0875  2.4945062611E-01 -8.7371079625E-02  5.4399352165E-02  7.5647110499E-02
-0.0750  2.5326090445E-01 -8.8883660024E-02  5.9611349220E-02  7.7486398023E-02
-0.0625  2.5718362687E-01 -9.0403409955E-02  6.4937791904E-02  7.9340155800E-02
-0.0500  2.6122213590E-01 -9.1929887655E-02  7.0382620157E-02  8.1207813872E-02
-0.0375  2.6537990503E-01 -9.3462621944E-02  7.5949900490E-02  8.3088791239E-02
-0.0250  2.6966054261E-01 -9.5001110865E-02  8.1643830315E-02  8.4982495300E-02
-0.0125  2.7406779609E-01 -9.6544820266E-02  8.7468742461E-02  8.6888321282E-02
-0.0000  2.7860555629E-01 -9.8093182353E-02  9.3429109877E-02  8.8805651635E-02
 0.0125  2.8327786198E-01 -9.9645594193E-02  9.9529550546E-02  9.0733855409E-02
 0.0250  2.8808890467E-01 -1.0120141617E-01  1.0577483262E-01  9.2672287610E-02
 0.0375  2.9304303355E-01 -1.0275997042E-01  1.1216987980E-01  9.4620288520E-02
 0.0500  2.9814476078E-01 -1.0432053916E-01  1.1871977695E-01  9.6577182996E-02
 0.0625  3.0339876695E-01 -1.0588236307E-01  1.2542977603E-01  9.8542279738E-02
 0.0750  3.0880990683E-01 -1.0744463950E-01  1.3230530227E-01  1.0051487053E-01
 0.0875  3.1438321547E-01 -1.0900652075E-01  1.3935196075E-01  1.0249422941E-01
 0.1000  3.2012391453E-01 -1.1056711220E-01  1.4657554321E-01  1.0447961188E-01
 0.1125  3.2603741902E-01 -1.1212547045E-01  1.5398203535E-01  1.0647025399E-01
 0.1250  3.3212934429E-01 -1.1368060136E-01  1.6157762446E-01  1.0846537138E-01
 0.1375  3.3840551355E-01 -1.1523145809E-01  1.6936870752E-01  1.1046415834E-01
 0.1500  3.4487196566E-01 -1.1677693898E-01  1.7736189977E-01  1.1246578673E-01
 0.1625  3.5153496347E-01 -1.1831588546E-01  1.8556404382E-01  1.1446940486E-01
 0.1750  3.5840100261E-01 -1.1984707986E-01  1.9398221926E-01  1.1647413628E-01
 0.1875  3.6547682076E-01 -1.2136924315E-01  2.0262375293E-01  1.1847907847E-01
 0.2000  3.7276940756E-01 -1.2288103257E-01  2.1149622987E-01  1.2048330145E-01
 0.2125  3.8028601506E-01 -1.2438103923E-01  2.2060750494E-01  1.2248584624E-01
 0.2250  3.8803416892E-01 -1.2586778562E-01  2.2996571525E-01  1.2448572317E-01
 0.2375  3.9602168030E-01 -1.2733972299E-01  2.3957929347E-01  1.2648191004E-01
 0.2500  4.0425665850E-01 -1.2879522866E-01  2.4945698207E-01  1.2847335010E-01
 0.2625  4.1274752455E-01 -1.3023260322E-01  2.5960784857E-01  1.3045894978E-01
 0.2750  4.2150302577E-01 -1.3165006762E-01  2.7004130195E-01  1.3243757614E-01
 0.2875  4.3053225126E-01 -1.3304576012E-01  2.8076711026E-01  1.3440805412E-01
 0.3000  4.3984464867E-01 -1.3441773310E-01  2.9179541960E-01  1.3636916332E-01
 0.3125  4.4945004220E-01 -1.3576394970E-01  3.0313677461E-01  1.3831963448E-01
 0.3250  4.5935865199E-01 -1.3708228036E-01  3.1480214051E-01  1.4025814539E-01
 0.3375  4.6958111505E-01 -1.3837049906E-01  3.2680292701E-01  1.4218331637E-01
 0.3500  4.8012850798E-01 -1.3962627943E-01  3.3915101416E-01  1.4409370504E-01
 0.3625  4.9101237148E-01 -1.4084719056E-01  3.5185878033E-01  1.4598780037E-01
 0.3750  5.0224473708E-01 -1.4203069254E-01  3.6493913264E-01  1.4786401596E-01
 0.3875  5.1383815614E-01 -1.4317413173E-01  3.7840553992E-01  1.4972068220E-01
 0.4000  5.2580573152E-01 -1.4427473555E-01  3.9227206864E-01  1.5155603743E-01
 0.4125  5.3816115207E-01 -1.4532960700E-01  4.0655342194E-01  1.5336821772E-01
 0.4250  5.5091873053E-01 -1.4633571856E-01  4.2126498225E-01  1.5515524510E-01
 0.4375  5.6409344483E-01 -1.4728990560E-01  4.3642285771E-01  1.5691501410E-01
 0.4500  5.7770098370E-01 -1.4818885913E-01  4.5204393287E-01  1.5864527621E-01
 0.4625  5.9175779660E-01 -1.4902911777E-01  4.6814592407E-01  1.6034362199E-01
 0.4750  6.0628114886E-01 -1.4980705889E-01  4.8474744008E-01  1.6200746044E-01
 0.4875  6.2128918254E-01 -1.5051888868E-01  5.0186804837E-01  1.6363399529E-01
 0.5000  6.3680098361E-01 -1.5116063108E-01  5.1952834776E-01  1.6522019764E-01
 0.5125  6.5283665637E-01 -1.5172811530E-01  5.3775004802E-01  1.6676277440E-01
 0.5250  6.6941740603E-01 -1.5221696175E-01  5.5655605719E-01  1.6825813201E-01
 0.5375  6.8656563027E-01 -1.5262256611E-01  5.7597057739E-01  1.6970233455E-01
 0.5500  7.0430502114E-01 -1.5294008121E-01  5.9601921003E-01  1.7109105557E-01
 0.5625  7.2266067847E-01 -1.5316439637E-01  6.1672907136E-01  1.7241952258E-01
 0.5750  7.4165923628E-01 -1.5329011381E-01  6.3812891952E-01  1.7368245315E-01
 0.5875  7.6132900389E-01 -1.5331152166E-01  6.6024929414E-01  1.7487398141E-01
 0.6000  7.8170012353E-01 -1.5322256291E-01  6.8312267000E-01  1.7598757352E-01
 0.6125  8.0280474662E-01 -1.5301679981E-01  7.0678362598E-01  1.7701593050E-01
 0.6250  8.2467723114E-01 -1.5268737287E-01  7.3126903113E-01  1.7795087649E-01
 0.6375  8.4735436269E-01 -1.5222695365E-01  7.5661824934E-01  1.7878323061E-01
 0.6500  8.7087560248E-01 -1.5162769028E-01  7.8287336491E-01  1.7950265965E-01
 0.6625  8.9528336559E-01 -1.5088114469E-01  8.1007943075E-01  1.8009750930E-01
 0.6750  9.2062333340E-01 -1.4997822008E-01  8.3828474197E-01  1.8055461044E-01
 0.6875  9.4694480476E-01 -1.4890907732E-01  8.6754113710E-01  1.8085905733E-01
 0.7000  9.7430109080E-01 -1.4766303829E-01  8.9790433003E-01  1.8099395347E-01
 0.7125  1.0027499590E+00 -1.4622847439E-01  9.2943427572E-01  1.8094012077E-01
 0.7250  1.0323541330E+00 -1.4459267780E-01  9.6219557310E-01  1.8067576685E-01
 0.7375  1.0631818554E+00 -1.4274171292E-01  9.9625790899E-01  1.8017610462E-01
 0.7500  1.0953075215E+00 -1.4066024501E-01  1.0316965473E+00  1.7941291773E-01
 0.7625  1.1288123936E+00 -1.3833134245E-01  1.0685928677E+00  1.7835406425E-01
 0.7750  1.1637854054E+00 -1.3573624894E-01  1.1070349594E+00  1.7696291024E-01
 0.7875  1.2003240689E+00 -1.3285412093E-01  1.1471182752E+00  1.7519768376E-01
 0.8000  1.2385354976E+00 -1.2966172528E-01  1.1889463515E+00  1.7301073837E-01
 0.8125  1.2785375589E+00 -1.2613309127E-01  1.2326316015E+00  1.7034771414E-01
 0.8250  1.3204601742E+00 -1.2223911034E-01  1.2782961889E+00  1.6714658229E-01
 0.8375  1.3644467853E+00 -1.1794707592E-01  1.3260729891E+00  1.6333655803E-01
 0.8500  1.4106560080E+00 -1.1322015491E-01  1.3761066481E+00  1.5883686399E-01
 0.8625  1.4592634960E+00 -1.0801678072E-01  1.4285547470E+00  1.5355532470E-01
 0.8750  1.5104640449E+00 -1.0228995702E-01  1.4835890842E+00  1.4738676969E-01
 0.8875  1.5644739627E+00 -9.5986459467E-02  1.5413970849E+00  1.4021122020E-01
 0.9000  1.6215337445E+00 -8.9045920964E-02  1.6021833523E+00  1.3189183144E-01
 0.9125  1.6819110872E+00 -8.1399784397E-02  1.6661713722E+00  1.2227255843E-01
 0.9250  1.7459042888E+00 -7.2970104265E-02  1.7336053878E+00  1.1117550987E-01
 0.9375  1.8138460805E+00 -6.3668176429E-02  1.8047524592E+00  9.8397949811E-02
 0.9500  1.8861079447E+00 -5.3392972354E-02  1.8799047262E+00  8.3708902066E-02
 0.9625  1.9631049827E+00 -4.2029351153E-02  1.9593818938E+00  6.6845306535E-02
 0.9750  2.0453013976E+00 -2.9446019254E-02  2.0435339612E+00  4.7507670647E-02
 0.9875  2.1332166718E+00 -1.5493203617E-02  2.1327442166E+00  2.5355151925E-02
 1.0000  2.2274325247E+00  0.0000000000E+00  2.2274325247E+00  5.6341582996E-18
