 -0.996666666667 2.5474934928e-01
 -0.990000000000 2.5630796152e-01
 -0.983333333333 2.5788317890e-01
 -0.976666666667 2.5947585194e-01
 -0.970000000000 2.6108659096e-01
 -0.963333333333 2.6271588025e-01
 -0.956666666667 2.6436413651e-01
 -0.950000000000 2.6603174014e-01
 -0.943333333333 2.6771905238e-01
 -0.936666666667 2.6942642533e-01
 -0.930000000000 2.7115420775e-01
 -0.923333333333 2.7290274867e-01
 -0.916666666667 2.7467239966e-01
 -0.910000000000 2.7646351629e-01
 -0.903333333333 2.7827645913e-01
 -0.896666666667 2.8011159444e-01
 -0.890000000000 2.8196929471e-01
 -0.883333333333 2.8384993896e-01
 -0.876666666667 2.8575391315e-01
 -0.870000000000 2.8768161034e-01
 -0.863333333333 2.8963343094e-01
 -0.856666666667 2.9160978291e-01
 -0.850000000000 2.9361108191e-01
 -0.843333333333 2.9563775148e-01
 -0.836666666667 2.9769022318e-01
 -0.830000000000 2.9976893672e-01
 -0.823333333333 3.0187434012e-01
 -0.816666666667 3.0400688986e-01
 -0.810000000000 3.0616705095e-01
 -0.803333333333 3.0835529712e-01
 -0.796666666667 3.1057211090e-01
 -0.790000000000 3.1281798375e-01
 -0.783333333333 3.1509341619e-01
 -0.776666666667 3.1739891787e-01
 -0.770000000000 3.1973500769e-01
 -0.763333333333 3.2210221388e-01
 -0.756666666667 3.2450107413e-01
 -0.750000000000 3.2693213559e-01
 -0.743333333333 3.2939595500e-01
 -0.736666666667 3.3189309873e-01
 -0.730000000000 3.3442414281e-01
 -0.723333333333 3.3698967296e-01
 -0.716666666667 3.3959028463e-01
 -0.710000000000 3.4222658297e-01
 -0.703333333333 3.4489918283e-01
 -0.696666666667 3.4760870871e-01
 -0.690000000000 3.5035579468e-01
 -0.683333333333 3.5314108432e-01
 -0.676666666667 3.5596523060e-01
 -0.670000000000 3.5882889570e-01
 -0.663333333333 3.6173275087e-01
 -0.656666666667 3.6467747616e-01
 -0.650000000000 3.6766376023e-01
 -0.643333333333 3.7069229998e-01
 -0.636666666667 3.7376380020e-01
 -0.630000000000 3.7687897321e-01
 -0.623333333333 3.8003853834e-01
 -0.616666666667 3.8324322140e-01
 -0.610000000000 3.8649375409e-01
 -0.603333333333 3.8979087328e-01
 -0.596666666667 3.9313532027e-01
 -0.590000000000 3.9652783988e-01
 -0.583333333333 3.9996917948e-01
 -0.576666666667 4.0346008792e-01
 -0.570000000000 4.0700131427e-01
 -0.563333333333 4.1059360647e-01
 -0.556666666667 4.1423770981e-01
 -0.550000000000 4.1793436528e-01
 -0.543333333333 4.2168430765e-01
 -0.536666666667 4.2548826341e-01
 -0.530000000000 4.2934694848e-01
 -0.523333333333 4.3326106569e-01
 -0.516666666667 4.3723130192e-01
 -0.510000000000 4.4125832502e-01
 -0.503333333333 4.4534278038e-01
 -0.496666666667 4.4948528711e-01
 -0.490000000000 4.5368643388e-01
 -0.483333333333 4.5794677428e-01
 -0.476666666667 4.6226682169e-01
 -0.470000000000 4.6664704370e-01
 -0.463333333333 4.7108785585e-01
 -0.456666666667 4.7558961482e-01
 -0.450000000000 4.8015261080e-01
 -0.443333333333 4.8477705919e-01
 -0.436666666667 4.8946309139e-01
 -0.430000000000 4.9421074458e-01
 -0.423333333333 4.9901995057e-01
 -0.416666666667 5.0389052338e-01
 -0.410000000000 5.0882214554e-01
 -0.403333333333 5.1381435302e-01
 -0.396666666667 5.1886651853e-01
 -0.390000000000 5.2397783308e-01
 -0.383333333333 5.2914728563e-01
 -0.376666666667 5.3437364054e-01
 -0.370000000000 5.3965541268e-01
 -0.363333333333 5.4499083989e-01
 -0.356666666667 5.5037785256e-01
 -0.350000000000 5.5581403989e-01
 -0.343333333333 5.6129661264e-01
 -0.336666666667 5.6682236190e-01
 -0.330000000000 5.7238761345e-01
 -0.323333333333 5.7798817728e-01
 -0.316666666667 5.8361929179e-01
 -0.310000000000 5.8927556202e-01
 -0.303333333333 5.9495089149e-01
 -0.296666666667 6.0063840685e-01
 -0.290000000000 6.0633037477e-01
 -0.283333333333 6.1201811035e-01
 -0.276666666667 6.1769187641e-01
 -0.270000000000 6.2334077282e-01
 -0.263333333333 6.2895261541e-01
 -0.256666666667 6.3451380373e-01
 -0.250000000000 6.4000917737e-01
 -0.243333333333 6.4542186064e-01
 -0.236666666667 6.5073309579e-01
 -0.230000000000 6.5592206571e-01
 -0.223333333333 6.6096570754e-01
 -0.216666666667 6.6583852001e-01
 -0.210000000000 6.7051236895e-01
 -0.203333333333 6.7495629750e-01
 -0.196666666667 6.7913635078e-01
 -0.190000000000 6.8301542917e-01
 -0.183333333333 6.8655318983e-01
 -0.176666666667 6.8970602464e-01
 -0.170000000000 6.9242715294e-01
 -0.163333333333 6.9466688259e-01
 -0.156666666667 6.9637311201e-01
 -0.150000000000 6.9749217217e-01
 -0.143333333333 6.9797014173e-01
 -0.136666666667 6.9775481312e-01
 -0.130000000000 6.9679854401e-01
 -0.123333333333 6.9506229850e-01
 -0.116666666667 6.9252126386e-01
 -0.110000000000 6.8917251445e-01
 -0.103333333333 6.8504526654e-01
 -0.096666666667 6.8021428353e-01
 -0.090000000000 6.7481686731e-01
 -0.083333333333 6.6907344973e-01
 -0.076666666667 6.6331080070e-01
 -0.070000000000 6.5798485038e-01
 -0.063333333333 6.5369648664e-01
 -0.056666666667 6.5118797086e-01
 -0.050000000000 6.5130058961e-01
 -0.043333333333 6.5487083875e-01
 -0.036666666667 6.6255765715e-01
 -0.030000000000 6.7465320590e-01
 -0.023333333333 6.9103499411e-01
 -0.016666666667 7.1142575319e-01
 -0.010000000000 7.3586579753e-01
 -0.003333333333 7.6526590233e-01
  0.003333333333 8.0210124744e-01
  0.010000000000 8.5461507030e-01
  0.016666666667 9.5107000698e-01
  0.023333333333 1.0778428650e+00
  0.030000000000 1.1914174636e+00
  0.036666666667 1.2735410994e+00
  0.043333333333 1.3243112513e+00
  0.050000000000 1.3497734064e+00
  0.056666666667 1.3564902478e+00
  0.063333333333 1.3499217500e+00
  0.070000000000 1.3342100979e+00
  0.076666666667 1.3123757858e+00
  0.083333333333 1.2865810207e+00
  0.090000000000 1.2583592620e+00
  0.096666666667 1.2287919283e+00
  0.103333333333 1.1986378362e+00
  0.110000000000 1.1684260135e+00
  0.116666666667 1.1385217050e+00
  0.123333333333 1.1091732336e+00
  0.130000000000 1.0805453254e+00
  0.136666666667 1.0527428889e+00
  0.143333333333 1.0258280528e+00
  0.150000000000 9.9983242385e-01
  0.156666666667 9.7476594145e-01
  0.163333333333 9.5062329513e-01
  0.170000000000 9.2738858784e-01
  0.176666666667 9.0503873008e-01
  0.183333333333 8.8354591140e-01
  0.190000000000 8.6287939793e-01
  0.196666666667 8.4300683605e-01
  0.203333333333 8.2389519275e-01
  0.210000000000 8.0551142816e-01
  0.216666666667 7.8782297030e-01
  0.223333333333 7.7079804374e-01
  0.230000000000 7.5440589028e-01
  0.236666666667 7.3861691008e-01
  0.243333333333 7.2340274432e-01
  0.250000000000 7.0873631515e-01
  0.256666666667 6.9459183475e-01
  0.263333333333 6.8094479225e-01
  0.270000000000 6.6777192508e-01
  0.276666666667 6.5505117973e-01
  0.283333333333 6.4276166556e-01
  0.290000000000 6.3088360434e-01
  0.296666666667 6.1939827757e-01
  0.303333333333 6.0828797300e-01
  0.310000000000 5.9753593154e-01
  0.316666666667 5.8712629508e-01
  0.323333333333 5.7704405596e-01
  0.330000000000 5.6727500840e-01
  0.336666666667 5.5780570195e-01
  0.343333333333 5.4862339730e-01
  0.350000000000 5.3971602436e-01
  0.356666666667 5.3107214268e-01
  0.363333333333 5.2268090409e-01
  0.370000000000 5.1453201761e-01
  0.376666666667 5.0661571644e-01
  0.383333333333 4.9892272701e-01
  0.390000000000 4.9144423998e-01
  0.396666666667 4.8417188298e-01
  0.403333333333 4.7709769521e-01
  0.410000000000 4.7021410356e-01
  0.416666666667 4.6351390028e-01
  0.423333333333 4.5699022211e-01
  0.430000000000 4.5063653070e-01
  0.436666666667 4.4444659429e-01
  0.443333333333 4.3841447060e-01
  0.450000000000 4.3253449073e-01
  0.456666666667 4.2680124413e-01
  0.463333333333 4.2120956451e-01
  0.470000000000 4.1575451658e-01
  0.476666666667 4.1043138371e-01
  0.483333333333 4.0523565623e-01
  0.490000000000 4.0016302056e-01
  0.496666666667 3.9520934895e-01
  0.503333333333 3.9037068980e-01
  0.510000000000 3.8564325866e-01
  0.516666666667 3.8102342969e-01
  0.523333333333 3.7650772764e-01
  0.530000000000 3.7209282030e-01
  0.536666666667 3.6777551143e-01
  0.543333333333 3.6355273405e-01
  0.550000000000 3.5942154412e-01
  0.556666666667 3.5537911460e-01
  0.563333333333 3.5142272984e-01
  0.570000000000 3.4754978026e-01
  0.576666666667 3.4375775739e-01
  0.583333333333 3.4004424908e-01
  0.590000000000 3.3640693506e-01
  0.596666666667 3.3284358272e-01
  0.603333333333 3.2935204310e-01
  0.610000000000 3.2593024709e-01
  0.616666666667 3.2257620184e-01
  0.623333333333 3.1928798739e-01
  0.630000000000 3.1606375343e-01
  0.636666666667 3.1290171623e-01
  0.643333333333 3.0980015577e-01
  0.650000000000 3.0675741295e-01
  0.656666666667 3.0377188703e-01
  0.663333333333 3.0084203310e-01
  0.670000000000 2.9796635976e-01
  0.676666666667 2.9514342684e-01
  0.683333333333 2.9237184331e-01
  0.690000000000 2.8965026522e-01
  0.696666666667 2.8697739378e-01
  0.703333333333 2.8435197352e-01
  0.710000000000 2.8177279057e-01
  0.716666666667 2.7923867094e-01
  0.723333333333 2.7674847896e-01
  0.730000000000 2.7430111578e-01
  0.736666666667 2.7189551789e-01
  0.743333333333 2.6953065578e-01
  0.750000000000 2.6720553258e-01
  0.756666666667 2.6491918284e-01
  0.763333333333 2.6267067132e-01
  0.770000000000 2.6045909183e-01
  0.776666666667 2.5828356616e-01
  0.783333333333 2.5614324302e-01
  0.790000000000 2.5403729704e-01
  0.796666666667 2.5196492779e-01
  0.803333333333 2.4992535891e-01
  0.810000000000 2.4791783719e-01
  0.816666666667 2.4594163178e-01
  0.823333333333 2.4399603331e-01
  0.830000000000 2.4208035319e-01
  0.836666666667 2.4019392285e-01
  0.843333333333 2.3833609301e-01
  0.850000000000 2.3650623303e-01
  0.856666666667 2.3470373024e-01
  0.863333333333 2.3292798931e-01
  0.870000000000 2.3117843166e-01
  0.876666666667 2.2945449487e-01
  0.883333333333 2.2775563214e-01
  0.890000000000 2.2608131168e-01
  0.896666666667 2.2443101628e-01
  0.903333333333 2.2280424272e-01
  0.910000000000 2.2120050125e-01
  0.916666666667 2.1961931513e-01
  0.923333333333 2.1806022007e-01
  0.930000000000 2.1652276365e-01
  0.936666666667 2.1500650471e-01
  0.943333333333 2.1351101264e-01
  0.950000000000 2.1203586642e-01
  0.956666666667 2.1058065338e-01
  0.963333333333 2.0914496739e-01
  0.970000000000 2.0772840599e-01
  0.976666666667 2.0633056563e-01
  0.983333333333 2.0495103339e-01
  0.990000000000 2.0358937162e-01
  0.996666666667 2.0224508824e-01
