    POS   d_lam  d_bet  I200*  dI200   6   u          9    b          12   y          15   385       18    415          21    385/u      24   415/385     27    b/415     30   y/b  
   --------------------------------------------------------------------------------------------------------------------------------------------------------------------------------------
      1  -0.594   0.726 10.61  0.22  15.69 2.38 2.74 14.07 1.28 1.65 11.13 1.50 1.78 20.94 1.27 1.55 20.18 0.95 1.55   1.33 0.22 0.25   0.96 0.07 0.10   0.70 0.07 0.10   0.79 0.13 0.16
      0  -0.258   0.296 20.68  0.50  15.84 0.33 1.41 31.13 0.83 1.33 30.99 0.84 1.27 23.77 1.18 1.48 29.90 0.85 1.49   1.50 0.08 0.16   1.26 0.07 0.10   1.04 0.04 0.07   1.00 0.04 0.06 
      2   1.213   0.704 11.51  0.11  16.17 1.35 1.92 20.17 0.49 1.14 18.91 4.02 4.13 21.74 1.23 1.52 26.66 2.00 2.34   1.34 0.14 0.19   1.23 0.12 0.14   0.76 0.06 0.08   0.94 0.20 0.21 
      3   1.719  -0.010  9.35  0.35  13.31 3.05 3.34 17.75 1.29 1.65 12.24 2.23 2.42 14.92 1.15 1.46 20.08 1.26 1.76   1.12 0.27 0.30   1.35 0.13 0.18   0.88 0.08 0.11   0.69 0.14 0.15 
      4   1.509  -0.552 12.43  0.23  18.26 2.31 2.68 21.35 1.54 1.86 15.87 1.80 2.04 20.99 1.04 1.37 25.50 1.66 2.06   1.15 0.16 0.18   1.21 0.10 0.13   0.84 0.08 0.10   0.74 0.10 0.12 
      5   0.792  -0.779 16.79  0.95  19.38 2.43 2.79 23.97 0.87 1.35 21.59 1.48 1.76 21.68 0.93 1.29 26.98 1.28 1.77   1.12 0.15 0.17   1.24 0.08 0.11   0.89 0.05 0.08   0.90 0.07 0.09 
      6   0.260  -0.529 20.59  0.40  17.45 0.71 1.54 33.90 0.62 1.21 31.57 0.74 1.21 24.08 0.73 1.15 33.07 0.55 1.34   1.38 0.07 0.14   1.37 0.05 0.09   1.03 0.03 0.06   0.93 0.03 0.05 
      7   0.095   0.004 41.89  1.90  11.66 0.60 1.49 34.04 0.84 1.33 35.50 0.89 1.30 20.42 0.89 1.26 29.54 0.75 1.44   1.75 0.12 0.25   1.45 0.07 0.11   1.15 0.04 0.07   1.04 0.04 0.06 
      9  -0.021   0.169 21.97  0.50  16.47 1.49 2.02 32.23 0.67 1.23 29.73 1.45 1.73 24.03 0.85 1.23 30.86 1.18 1.70   1.46 0.14 0.19   1.28 0.07 0.10   1.04 0.05 0.07   0.92 0.05 0.06 
     10   0.143  -0.141 30.38  1.40  14.70 1.32 1.90 37.89 0.88 1.36 38.62 1.23 1.56 24.49 1.13 1.44 32.80 1.02 1.59   1.67 0.17 0.24   1.34 0.07 0.10   1.16 0.04 0.07   1.02 0.04 0.05 
     11   0.949  -1.293 13.92  0.73  14.23 3.11 3.40 18.11 1.80 2.08 11.78 1.67 1.92 17.80 1.58 1.81 24.46 1.57 1.99   1.25 0.29 0.32   1.37 0.15 0.18   0.74 0.09 0.10   0.65 0.11 0.13 
     12  -1.014  -0.011 17.67  0.19  17.24 1.69 2.17 28.20 0.69 1.24 22.49 1.82 2.05 23.11 1.41 1.67 28.74 1.31 1.79   1.34 0.15 0.19   1.24 0.09 0.12   0.98 0.05 0.07   0.80 0.07 0.08 
     13  -1.185  -0.849  7.63  0.68   7.49 1.44 1.99 11.33 0.89 1.36  7.48 1.83 2.06 10.23 1.26 1.54 13.60 1.16 1.69   1.37 0.31 0.42   1.33 0.20 0.26   0.83 0.10 0.14   0.66 0.17 0.20  
     14  -0.316   1.315  5.22  0.26   6.24 1.00 1.69  6.78 0.90 1.37  4.70 1.21 1.54  9.75 0.62 1.09  9.24 1.02 1.59   1.56 0.27 0.46   0.95 0.12 0.19   0.73 0.13 0.19   0.69 0.20 0.27
     15  -0.589   1.542  3.55  0.55   2.80 1.24 1.85  5.96 1.10 1.51  7.28 0.73 1.20  7.08 1.16 1.46  7.69 0.98 1.57   2.53 1.19 1.75   1.09 0.23 0.32   0.78 0.17 0.25   1.22 0.26 0.37
     16  -1.200   1.471  3.19  0.21   9.72 1.16 1.79  2.78 0.88 1.36  4.78 1.49 1.77  6.22 1.67 1.89  6.96 1.77 2.15   0.64 0.19 0.23   1.12 0.41 0.49   0.40 0.16 0.23   1.72 0.76 1.05
     18  -0.109   1.657  3.92  0.21   2.68 0.71 1.54  5.90 0.91 1.38  1.74 1.41 1.70  5.32 1.05 1.38  4.80 1.26 1.76   1.98 0.65 1.25   0.90 0.30 0.40   1.23 0.37 0.53   0.29 0.24 0.30
     19   0.437   1.506  5.02  0.11   6.62 1.43 1.98  8.56 0.95 1.40  9.01 0.86 1.28  8.51 1.12 1.43 11.26 1.10 1.65   1.29 0.33 0.44   1.32 0.22 0.29   0.76 0.11 0.17   1.05 0.15 0.23
     20   0.408  -2.118  4.49  0.17   6.34 0.93 1.65  7.44 1.12 1.52  9.73 1.49 1.77  9.52 0.98 1.33  9.55 1.33 1.81   1.50 0.27 0.44   1.00 0.17 0.24   0.78 0.16 0.22   1.31 0.28 0.36
     21  -0.094  -2.011  4.72  0.13   4.51 0.91 1.64  8.22 0.58 1.19  5.53 1.28 1.60  8.02 1.01 1.35  8.57 0.93 1.54   1.78 0.42 0.71   1.07 0.18 0.26   0.96 0.12 0.22   0.67 0.16 0.22
     22  -0.050  -2.411  6.06  0.18   4.48 1.49 2.02 11.09 0.89 1.36 12.37 1.47 1.75  9.87 1.40 1.66 11.54 1.09 1.64   2.20 0.80 1.06   1.17 0.20 0.26   0.96 0.12 0.18   1.11 0.16 0.21
     24  -2.151  -1.740  1.57  0.10   3.17 1.66 2.15  3.29 1.25 1.62  3.77 2.13 2.33  2.33 0.99 1.33  6.41 1.18 1.70   0.74 0.50 0.65   2.75 1.27 1.73   0.51 0.22 0.29   1.15 0.78 0.91
     25  -1.324  -1.794  1.71  0.06   3.30 1.31 1.89  2.81 0.73 1.27  4.60 1.21 1.54  3.45 1.20 1.50  5.74 0.60 1.36   1.04 0.55 0.75   1.66 0.60 0.82   0.49 0.14 0.25   1.63 0.60 0.92
     26   1.276  -2.639  4.64  0.27   8.98 2.04 2.46  6.77 2.57 2.77  4.07 2.44 2.62 11.42 2.78 2.92 10.04 4.85 5.00   1.27 0.42 0.48   0.88 0.48 0.49   0.67 0.41 0.44   0.60 0.43 0.46
     32  -3.180  -1.784  1.72  0.10   3.27 0.91 1.64  6.31 1.19 1.58  0.90 1.49 1.77  1.38 0.93 1.29  1.96 0.57 1.35   0.42 0.31 0.45   1.42 1.05 1.65   3.22 1.12 2.36   0.14 0.24 0.28
     34  -2.586  -0.076  2.57  0.09   1.69 0.99 1.69  7.18 1.00 1.44  1.31 3.54 3.67  4.55 2.39 2.55  5.54 0.75 1.44   2.70 2.12 3.09   1.22 0.66 0.75   1.30 0.25 0.43   0.18 0.49 0.51
     35  -2.553   0.160  2.79  0.15   4.25 1.12 1.77  5.26 1.46 1.79  4.37 2.97 3.12  4.95 2.13 2.31  6.34 0.77 1.45   1.16 0.59 0.73   1.28 0.57 0.67   0.83 0.25 0.34   0.83 0.61 0.66
     36  -2.729   0.119  2.40  0.13   1.04 1.53 2.05  4.54 0.56 1.18  4.62 2.40 2.58  8.70 1.60 1.83  5.84 2.64 2.91   8.39 12.5 16.7   0.67 0.33 0.36   0.78 0.36 0.44   1.02 0.54 0.63
     39  -0.241   1.931  3.31  0.15   7.67 3.04 3.33  7.49 2.08 2.32  5.51 1.07 1.43  4.14 1.21 1.50  9.08 1.04 1.61   0.54 0.27 0.31   2.19 0.69 0.89   0.83 0.25 0.29   0.74 0.25 0.30
     47   0.642   0.900 13.76  0.40  15.58 1.11 1.76 27.37 0.25 1.06 22.89 1.52 1.79 19.28 0.78 1.19 32.37 0.76 1.44   1.24 0.10 0.16   1.68 0.08 0.13   0.85 0.02 0.05   0.84 0.06 0.07
     48   0.171   1.050  6.46  0.22   3.48 1.40 1.96  8.07 0.47 1.14  7.78 2.37 2.55 10.29 1.66 1.88  8.40 0.66 1.39   2.96 1.28 1.75   0.82 0.15 0.20   0.96 0.09 0.21   0.96 0.30 0.34
     42  -0.109  -0.103 16.14  1.00  14.21 1.55 2.07 25.90 0.99 1.43 22.89 0.63 1.14 20.66 1.02 1.36 25.81 2.55 2.83   1.45 0.17 0.23   1.25 0.14 0.16   1.00 0.11 0.12   0.88 0.04 0.07 
     43   0.204  -0.362 27.80  1.57  18.83 0.56 1.48 38.10 1.32 1.68 34.60 2.14 2.34 25.93 1.19 1.49 35.38 1.23 1.74   1.38 0.08 0.13   1.36 0.08 0.10   1.08 0.05 0.07   0.91 0.06 0.07 
      8   0.000   0.000 56.78  1.50   8.12 0.00 1.37 28.59 0.00 1.03 31.86 0.00 0.95 15.65 0.00 0.89 22.60 0.00 1.22   1.93 0.00 0.34   1.44 0.05 0.11   1.26 0.00 0.08   1.11 0.00 0.05 
     40  -0.040   0.022 54.35  2.60  11.89 1.99 2.41 26.80 2.80 2.99 34.25 2.18 2.38 15.01 2.86 3.00 23.02 1.85 2.22   1.26 0.32 0.36   1.53 0.32 0.34   1.16 0.15 0.17   1.28 0.16 0.17 
     17  -1.461   1.175  3.20  0.50   5.03 0.76 1.56  3.98 0.68 1.24  2.18 2.05 2.26  5.36 0.99 1.33  6.88 1.19 1.71   1.07 0.25 0.42   1.28 0.32 0.45   0.58 0.14 0.23   0.55 0.52 0.59
 ----------------------------------------------------------------------------------------------------------------------------------------------------------------------------------------
   
      Notes: *Observed I200 minus 2.0 (ZL+CIRB correction)
            Background fit with weights W = 1/D_I200
            Errors are quadratic addition of Pos8 and PosN errors

