L1642: ISOPHOT 200 and 120 um photometry as reduced by K.Mattila in July-August 2002
                                                                  A_V from 2MASS    A_lambda from I200 for I200<30; Pos 7,8,10,40 directly from 2MASS 
                                                                  ----------------  ---------------------------------------------------------------------
      R.A.(J2000)  Decl.(J2000) I(200)-2.0  I100  T_dust tau200   A_V (13)    øA_V  A_V(16)     A_u(18)     A_384(20)   A_415(22)   A_b(24)     A_y(26)
----------------------------------------------------------------------------------------------------------------------------------------------------------
    0  4 34  7.40 -14  1 12.00   20.68 0.50 10.85 18.15 0.20E-03  1.96  0.48  3.00  1.14  0.03  1.81  0.05  1.72  0.04  1.61  0.04  1.40  0.04  1.15  0.03
    1  4 32 41.52 -13 38 46.80   10.61 0.22  5.29 18.30 0.91E-04  0.13  0.23  6.00  0.56  0.01  0.90  0.02  0.85  0.02  0.80  0.02  0.69  0.02  0.57  0.01
    2  4 38 41.46 -13 24 41.10   11.51 0.11  6.62 18.96 0.87E-04  0.69  0.22  6.00  0.62  0.01  0.98  0.01  0.93  0.01  0.87  0.01  0.75  0.01  0.62  0.01
    3  4 40 51.58 -14  2 39.20    9.35 0.35  5.07 18.84 0.70E-04  0.48  0.20  6.00  0.49  0.02  0.78  0.03  0.74  0.03  0.69  0.03  0.60  0.02  0.49  0.02
    4  4 40 32.63 -14 36 21.80   12.43 0.23  5.99 18.01 0.12E-03  0.97  0.22  6.00  0.67  0.01  1.06  0.02  1.01  0.02  0.94  0.02  0.82  0.02  0.67  0.01
    5  4 38 20.90 -14 55 44.00   16.79 0.95  6.92 17.13 0.20E-03  0.49  0.22  6.00  0.92  0.05  1.46  0.09  1.39  0.08  1.30  0.08  1.13  0.07  0.92  0.05
    6  4 36 24.90 -14 45 51.00   20.59 0.40 12.70 18.97 0.17E-03  1.39  0.22  6.00  1.14  0.02  1.81  0.04  1.72  0.03  1.60  0.03  1.39  0.03  1.14  0.02
    7  4 35 29.70 -14 15 22.00   41.89 1.90 14.82 16.24 0.67E-03  3.84  0.65  3.00  4.08  0.11  6.48  0.20  6.16  0.20  5.75  0.18  5.00  0.16  4.10  0.11
    9  4 34 59.50 -14  6 36.00   21.97 0.50 10.58 17.72 0.23E-03  1.53  0.41  3.00  1.22  0.03  1.93  0.05  1.83  0.04  1.71  0.04  1.49  0.04  1.22  0.03
   10  4 35 45.40 -14 23 32.00   30.38 1.40 12.50 16.93 0.40E-03  2.70  0.44  3.00  2.43  0.10  3.86  0.16  3.67  0.16  3.43  0.15  2.98  0.12  2.44  0.10
   11  4 39 13.81 -15 24 37.70   13.92 0.73  5.84 17.30 0.16E-03  0.49  0.23  6.00  0.75  0.04  1.20  0.07  1.14  0.06  1.06  0.06  0.92  0.05  0.76  0.04
   12  4 31 51.53 -14 25 56.30   17.67 0.19  9.32 18.24 0.16E-03  0.97  0.25  6.00  0.97  0.01  1.54  0.02  1.46  0.02  1.37  0.02  1.19  0.01  0.97  0.01
   13  4 31 56.43 -15 17 27.90    7.63 0.68  4.19 19.15 0.51E-04  0.32  0.23  6.00  0.39  0.04  0.63  0.06  0.59  0.06  0.55  0.05  0.48  0.05  0.40  0.04
   14  4 33 10.68 -13  3 14.50    5.22 0.26  3.13 20.37 0.24E-04  0.22  0.20  6.00  0.26  0.01  0.41  0.02  0.39  0.02  0.36  0.02  0.31  0.02  0.26  0.01
   15  4 32  6.14 -12 50 27.20    3.55 0.55  2.21 22.10 0.99E-05  0.21  0.24  6.00  0.16  0.03  0.25  0.05  0.24  0.05  0.23  0.04  0.20  0.04  0.16  0.03
   16  4 30  7.30 -13  0 16.20    3.19 0.21  2.23 23.67 0.65E-05  0.51  0.23  6.00  0.14  0.01  0.22  0.02  0.21  0.02  0.20  0.02  0.17  0.01  0.14  0.01
   18  4 33 37.02 -12 39 25.20    3.92 0.21  2.47 21.69 0.13E-04 -0.11  0.23  6.00  0.18  0.01  0.29  0.02  0.27  0.02  0.25  0.02  0.22  0.01  0.18  0.01
   19  4 35 32.91 -12 43 32.10    5.02 0.11  3.32 21.11 0.20E-04 -0.06  0.22  6.00  0.24  0.01  0.39  0.01  0.37  0.01  0.34  0.01  0.30  0.01  0.24  0.01
   20  4 38  4.98 -16 18 14.50    4.49 0.17  0.86 15.40 0.62E-04  0.35  0.21  6.00  0.21  0.01  0.34  0.02  0.32  0.01  0.30  0.01  0.26  0.01  0.21  0.01
   21  4 36 22.87 -16 15 58.60    4.72 0.13  1.35 16.87 0.45E-04 -0.18  0.24  6.00  0.23  0.01  0.36  0.01  0.34  0.01  0.32  0.01  0.28  0.01  0.23  0.01
   22  4 36 49.29 -16 39 14.50    6.06 0.18  1.85 16.71 0.66E-04  0.16  0.21  6.00  0.30  0.01  0.48  0.02  0.46  0.02  0.43  0.01  0.37  0.01  0.30  0.01
   24  4 29 30.97 -16 18 12.50    1.57 0.10  0.01  0.00 0.00E+00 -0.09  0.24  6.00  0.05  0.01  0.07  0.01  0.07  0.01  0.06  0.01  0.06  0.01  0.05  0.01
   25  4 32 13.37 -16 13 59.50    1.71 0.06  0.04  0.00 0.00E+00  0.62  0.23  6.00  0.05  0.00  0.09  0.01  0.08  0.01  0.08  0.00  0.07  0.00  0.05  0.00
   26  4 41 21.84 -16 41 44.10    4.64 0.27  1.85 18.45 0.30E-04  0.14  0.22  6.00  0.22  0.02  0.35  0.02  0.34  0.02  0.31  0.02  0.27  0.02  0.22  0.02
   32  4 26 12.32 -16 30 21.30    1.72 0.10  0.11 19.57 0.12E-05  0.22  0.22  6.00  0.05  0.01  0.09  0.01  0.08  0.01  0.08  0.01  0.07  0.01  0.05  0.01
   34  4 26 44.54 -14 44 19.00    2.57 0.09  2.08 27.54 0.25E-05  0.35  0.25  6.00  0.10  0.01  0.16  0.01  0.16  0.01  0.15  0.01  0.13  0.01  0.10  0.01
   35  4 26 39.71 -14 30  4.60    2.79 0.15  2.20 26.09 0.36E-05 -0.10  0.22  6.00  0.12  0.01  0.18  0.01  0.18  0.01  0.16  0.01  0.14  0.01  0.12  0.01
   36  4 26  6.95 -14 34  8.40    2.40 0.13  1.81 28.11 0.20E-05  0.20  0.22  6.00  0.09  0.01  0.15  0.01  0.14  0.01  0.13  0.01  0.11  0.01  0.09  0.01
   39  4 32 58.62 -12 24 29.60    3.31 0.15  2.22 23.10 0.75E-05 -0.10  0.23  6.00  0.15  0.01  0.23  0.01  0.22  0.01  0.21  0.01  0.18  0.01  0.15  0.01
   42  4 34 54.40 -14 23 29.00   16.14 1.00  8.77 18.44 0.14E-03  0.27  0.44  3.00  0.88  0.06  1.40  0.09  1.33  0.09  1.24  0.08  1.08  0.07  0.89  0.06
   43  4 36  7.23 -14 36  2.70   27.80 1.57 15.71 18.42 0.26E-03  1.12  0.44  3.00  1.55  0.09  2.46  0.14  2.34  0.14  2.19  0.13  1.90  0.11  1.56  0.09
   47  4 36 39.63 -13 17 47.80   13.76 0.40  7.25 18.38 0.12E-03  1.22  0.20  6.00  0.75  0.02  1.18  0.04  1.12  0.03  1.05  0.03  0.91  0.03  0.75  0.02
   48  4 34 19.67 -13 12 52.30    6.46 0.22  3.78 19.78 0.36E-04  0.56  0.21  6.00  0.33  0.01  0.52  0.02  0.49  0.02  0.46  0.02  0.40  0.02  0.33  0.01
    8  4 35 11.23 -14 16 25.80   56.78 1.50 15.47 15.23 0.12E-02 18.90  1.50  3.00  7.49  0.18 11.90  0.20 11.30  0.19 10.56  0.18  9.18  0.14  7.52  0.18
   40  4 35  2.40 -14 15 29.00   54.35 2.60 16.54 15.63 0.10E-02 18.90  1.50  3.00  6.34  0.20 10.07  0.30  9.57  0.29  8.94  0.28  7.77  0.24  6.37  0.20
   17  4 29 28.64 -13 20  5.70   99.99 9.99  2.48  9.99 9.99E+00  0.25  0.21  6.00  0.24  0.01  0.39  0.01  0.37  0.01  0.34  0.01  0.30  0.01  0.24  0.01
----------------------------------------------------------------------------------------------------------------------------------------------------------
As background position for T_dust and tau200 calculation we have used  I100 at Pos #24 where 100um and I200 have intensity.. 
From I100um values we have subtracted the value for Pos #24.
For following positions no T_dust ja tau200 results because:
#17: alkuperäisessä datassa ei ole 200um arvoa
#24: OFF-piste
#25: 200um intensity too close to zero
Pos8 and Pos40 A_V values are from NTT/SOFI H-K data.
