-1.00000 2.3545354e-01
-0.99333 2.3704666e-01
-0.98667 2.3865968e-01
-0.98000 2.4029297e-01
-0.97333 2.4194688e-01
-0.96667 2.4362180e-01
-0.96000 2.4531809e-01
-0.95333 2.4703616e-01
-0.94667 2.4877641e-01
-0.94000 2.5053923e-01
-0.93333 2.5232506e-01
-0.92667 2.5413431e-01
-0.92000 2.5596744e-01
-0.91333 2.5782489e-01
-0.90667 2.5970712e-01
-0.90000 2.6161461e-01
-0.89333 2.6354784e-01
-0.88667 2.6550732e-01
-0.88000 2.6749354e-01
-0.87333 2.6950704e-01
-0.86667 2.7154834e-01
-0.86000 2.7361801e-01
-0.85333 2.7571661e-01
-0.84667 2.7784471e-01
-0.84000 2.8000291e-01
-0.83333 2.8219182e-01
-0.82667 2.8441207e-01
-0.82000 2.8666430e-01
-0.81333 2.8894918e-01
-0.80667 2.9126738e-01
-0.80000 2.9361961e-01
-0.79333 2.9600657e-01
-0.78667 2.9842902e-01
-0.78000 3.0088769e-01
-0.77333 3.0338338e-01
-0.76667 3.0591690e-01
-0.76000 3.0848905e-01
-0.75333 3.1110070e-01
-0.74667 3.1375271e-01
-0.74000 3.1644598e-01
-0.73333 3.1918145e-01
-0.72667 3.2196005e-01
-0.72000 3.2478278e-01
-0.71333 3.2765065e-01
-0.70667 3.3056468e-01
-0.70000 3.3352597e-01
-0.69333 3.3653561e-01
-0.68667 3.3959476e-01
-0.68000 3.4270458e-01
-0.67333 3.4586628e-01
-0.66667 3.4908113e-01
-0.66000 3.5235040e-01
-0.65333 3.5567545e-01
-0.64667 3.5905763e-01
-0.64000 3.6249840e-01
-0.63333 3.6599919e-01
-0.62667 3.6956153e-01
-0.62000 3.7318700e-01
-0.61333 3.7687722e-01
-0.60667 3.8063386e-01
-0.60000 3.8445866e-01
-0.59333 3.8835341e-01
-0.58667 3.9231997e-01
-0.58000 3.9636027e-01
-0.57333 4.0047629e-01
-0.56667 4.0467009e-01
-0.56000 4.0894382e-01
-0.55333 4.1329967e-01
-0.54667 4.1773996e-01
-0.54000 4.2226706e-01
-0.53333 4.2688342e-01
-0.52667 4.3159163e-01
-0.52000 4.3639432e-01
-0.51333 4.4129423e-01
-0.50667 4.4629426e-01
-0.50000 4.5139736e-01
-0.49333 4.5660662e-01
-0.48667 4.6192524e-01
-0.48000 4.6735656e-01
-0.47333 4.7290403e-01
-0.46667 4.7857126e-01
-0.46000 4.8436201e-01
-0.45333 4.9028016e-01
-0.44667 4.9632976e-01
-0.44000 5.0251504e-01
-0.43333 5.0884041e-01
-0.42667 5.1531042e-01
-0.42000 5.2192984e-01
-0.41333 5.2870364e-01
-0.40667 5.3563699e-01
-0.40000 5.4273526e-01
-0.39333 5.5000409e-01
-0.38667 5.5744932e-01
-0.38000 5.6507703e-01
-0.37333 5.7289360e-01
-0.36667 5.8090563e-01
-0.36000 5.8912002e-01
-0.35333 5.9754396e-01
-0.34667 6.0618495e-01
-0.34000 6.1505078e-01
-0.33333 6.2414955e-01
-0.32667 6.3348974e-01
-0.32000 6.4308009e-01
-0.31333 6.5292975e-01
-0.30667 6.6304818e-01
-0.30000 6.7344520e-01
-0.29333 6.8413098e-01
-0.28667 6.9511605e-01
-0.28000 7.0641124e-01
-0.27333 7.1802769e-01
-0.26667 7.2997692e-01
-0.26000 7.4227061e-01
-0.25333 7.5492069e-01
-0.24667 7.6793925e-01
-0.24000 7.8133846e-01
-0.23333 7.9513042e-01
-0.22667 8.0932708e-01
-0.22000 8.2394008e-01
-0.21333 8.3898047e-01
-0.20667 8.5445852e-01
-0.20000 8.7038332e-01
-0.19333 8.8676244e-01
-0.18667 9.0360129e-01
-0.18000 9.2090262e-01
-0.17333 9.3866557e-01
-0.16667 9.5688482e-01
-0.16000 9.7554931e-01
-0.15333 9.9464066e-01
-0.14667 1.0141315e+00
-0.14000 1.0339830e+00
-0.13333 1.0541424e+00
-0.12667 1.0745397e+00
-0.12000 1.0950837e+00
-0.11333 1.1156575e+00
-0.10667 1.1361143e+00
-0.10000 1.1562716e+00
-0.09333 1.1759070e+00
-0.08667 1.1947560e+00
-0.08000 1.2125129e+00
-0.07333 1.2288418e+00
-0.06667 1.2434023e+00
-0.06000 1.2559031e+00
-0.05333 1.2661983e+00
-0.04667 1.2744452e+00
-0.04000 1.2813306e+00
-0.03333 1.2883199e+00
-0.02667 1.2977600e+00
-0.02000 1.3124392e+00
-0.01333 1.3339944e+00
-0.00667 1.3600103e+00
 0.00000 1.3876899e+00
 0.00667 1.4153578e+00
 0.01333 1.4544870e+00
 0.02000 1.4885419e+00
 0.02667 1.4961358e+00
 0.03333 1.4769151e+00
 0.04000 1.4393448e+00
 0.04667 1.3914309e+00
 0.05333 1.3387406e+00
 0.06000 1.2847426e+00
 0.06667 1.2314723e+00
 0.07333 1.1800611e+00
 0.08000 1.1310883e+00
 0.08667 1.0848027e+00
 0.09333 1.0412587e+00
 0.10000 1.0003993e+00
 0.10667 9.6210658e-01
 0.11333 9.2623223e-01
 0.12000 8.9261572e-01
 0.12667 8.6109523e-01
 0.13333 8.3151378e-01
 0.14000 8.0372268e-01
 0.14667 7.7758304e-01
 0.15333 7.5296642e-01
 0.16000 7.2975477e-01
 0.16667 7.0783997e-01
 0.17333 6.8712330e-01
 0.18000 6.6751469e-01
 0.18667 6.4893205e-01
 0.19333 6.3130054e-01
 0.20000 6.1455190e-01
 0.20667 5.9862389e-01
 0.21333 5.8345963e-01
 0.22000 5.6900713e-01
 0.22667 5.5521882e-01
 0.23333 5.4205112e-01
 0.24000 5.2946401e-01
 0.24667 5.1742075e-01
 0.25333 5.0588757e-01
 0.26000 4.9483331e-01
 0.26667 4.8422929e-01
 0.27333 4.7404899e-01
 0.28000 4.6426791e-01
 0.28667 4.5486336e-01
 0.29333 4.4581430e-01
 0.30000 4.3710123e-01
 0.30667 4.2870599e-01
 0.31333 4.2061173e-01
 0.32000 4.1280274e-01
 0.32667 4.0526435e-01
 0.33333 3.9798290e-01
 0.34000 3.9094562e-01
 0.34667 3.8414056e-01
 0.35333 3.7755651e-01
 0.36000 3.7118300e-01
 0.36667 3.6501019e-01
 0.37333 3.5902885e-01
 0.38000 3.5323029e-01
 0.38667 3.4760634e-01
 0.39333 3.4214930e-01
 0.40000 3.3685195e-01
 0.40667 3.3170743e-01
 0.41333 3.2670930e-01
 0.42000 3.2185146e-01
 0.42667 3.1712816e-01
 0.43333 3.1253394e-01
 0.44000 3.0806364e-01
 0.44667 3.0371236e-01
 0.45333 2.9947548e-01
 0.46000 2.9534860e-01
 0.46667 2.9132753e-01
 0.47333 2.8740831e-01
 0.48000 2.8358718e-01
 0.48667 2.7986053e-01
 0.49333 2.7622497e-01
 0.50000 2.7267722e-01
 0.50667 2.6921421e-01
 0.51333 2.6583295e-01
 0.52000 2.6253066e-01
 0.52667 2.5930462e-01
 0.53333 2.5615227e-01
 0.54000 2.5307116e-01
 0.54667 2.5005893e-01
 0.55333 2.4711334e-01
 0.56000 2.4423224e-01
 0.56667 2.4141357e-01
 0.57333 2.3865537e-01
 0.58000 2.3595574e-01
 0.58667 2.3331287e-01
 0.59333 2.3072502e-01
 0.60000 2.2819054e-01
 0.60667 2.2570781e-01
 0.61333 2.2327529e-01
 0.62000 2.2089153e-01
 0.62667 2.1855508e-01
 0.63333 2.1626460e-01
 0.64000 2.1401876e-01
 0.64667 2.1181630e-01
 0.65333 2.0965601e-01
 0.66000 2.0753671e-01
 0.66667 2.0545728e-01
 0.67333 2.0341662e-01
 0.68000 2.0141370e-01
 0.68667 1.9944749e-01
 0.69333 1.9751702e-01
 0.70000 1.9562136e-01
 0.70667 1.9375959e-01
 0.71333 1.9193083e-01
 0.72000 1.9013425e-01
 0.72667 1.8836901e-01
 0.73333 1.8663433e-01
 0.74000 1.8492945e-01
 0.74667 1.8325361e-01
 0.75333 1.8160611e-01
 0.76000 1.7998626e-01
 0.76667 1.7839338e-01
 0.77333 1.7682683e-01
 0.78000 1.7528597e-01
 0.78667 1.7377020e-01
 0.79333 1.7227893e-01
 0.80000 1.7081159e-01
 0.80667 1.6936762e-01
 0.81333 1.6794648e-01
 0.82000 1.6654766e-01
 0.82667 1.6517064e-01
 0.83333 1.6381495e-01
 0.84000 1.6248010e-01
 0.84667 1.6116563e-01
 0.85333 1.5987108e-01
 0.86000 1.5859604e-01
 0.86667 1.5734007e-01
 0.87333 1.5610276e-01
 0.88000 1.5488371e-01
 0.88667 1.5368254e-01
 0.89333 1.5249885e-01
 0.90000 1.5133230e-01
 0.90667 1.5018252e-01
 0.91333 1.4904917e-01
 0.92000 1.4793190e-01
 0.92667 1.4683039e-01
 0.93333 1.4574432e-01
 0.94000 1.4467337e-01
 0.94667 1.4361724e-01
 0.95333 1.4257565e-01
 0.96000 1.4154829e-01
 0.96667 1.4053489e-01
 0.97333 1.3953517e-01
 0.98000 1.3854888e-01
 0.98667 1.3757574e-01
 0.99333 1.3661551e-01
 1.00000 1.3566795e-01
