-1.00000 2.8745288e-01
-0.99333 2.8945628e-01
-0.98667 2.9148455e-01
-0.98000 2.9353811e-01
-0.97333 2.9561744e-01
-0.96667 2.9772297e-01
-0.96000 2.9985517e-01
-0.95333 3.0201451e-01
-0.94667 3.0420146e-01
-0.94000 3.0641652e-01
-0.93333 3.0866017e-01
-0.92667 3.1093293e-01
-0.92000 3.1323530e-01
-0.91333 3.1556782e-01
-0.90667 3.1793103e-01
-0.90000 3.2032546e-01
-0.89333 3.2275170e-01
-0.88667 3.2521031e-01
-0.88000 3.2770187e-01
-0.87333 3.3022699e-01
-0.86667 3.3278628e-01
-0.86000 3.3538036e-01
-0.85333 3.3800987e-01
-0.84667 3.4067548e-01
-0.84000 3.4337785e-01
-0.83333 3.4611767e-01
-0.82667 3.4889563e-01
-0.82000 3.5171246e-01
-0.81333 3.5456888e-01
-0.80667 3.5746565e-01
-0.80000 3.6040354e-01
-0.79333 3.6338333e-01
-0.78667 3.6640583e-01
-0.78000 3.6947185e-01
-0.77333 3.7258225e-01
-0.76667 3.7573789e-01
-0.76000 3.7893965e-01
-0.75333 3.8218844e-01
-0.74667 3.8548517e-01
-0.74000 3.8883080e-01
-0.73333 3.9222631e-01
-0.72667 3.9567268e-01
-0.72000 3.9917096e-01
-0.71333 4.0272215e-01
-0.70667 4.0632736e-01
-0.70000 4.0998766e-01
-0.69333 4.1370420e-01
-0.68667 4.1747811e-01
-0.68000 4.2131058e-01
-0.67333 4.2520283e-01
-0.66667 4.2915609e-01
-0.66000 4.3317164e-01
-0.65333 4.3725077e-01
-0.64667 4.4139484e-01
-0.64000 4.4560521e-01
-0.63333 4.4988329e-01
-0.62667 4.5423052e-01
-0.62000 4.5864838e-01
-0.61333 4.6313841e-01
-0.60667 4.6770214e-01
-0.60000 4.7234119e-01
-0.59333 4.7705718e-01
-0.58667 4.8185181e-01
-0.58000 4.8672679e-01
-0.57333 4.9168391e-01
-0.56667 4.9672498e-01
-0.56000 5.0185188e-01
-0.55333 5.0706648e-01
-0.54667 5.1237079e-01
-0.54000 5.1776681e-01
-0.53333 5.2325661e-01
-0.52667 5.2884230e-01
-0.52000 5.3452606e-01
-0.51333 5.4031014e-01
-0.50667 5.4619682e-01
-0.50000 5.5218844e-01
-0.49333 5.5828742e-01
-0.48667 5.6449623e-01
-0.48000 5.7081739e-01
-0.47333 5.7725352e-01
-0.46667 5.8380726e-01
-0.46000 5.9048133e-01
-0.45333 5.9727852e-01
-0.44667 6.0420170e-01
-0.44000 6.1125378e-01
-0.43333 6.1843772e-01
-0.42667 6.2575661e-01
-0.42000 6.3321353e-01
-0.41333 6.4081167e-01
-0.40667 6.4855427e-01
-0.40000 6.5644461e-01
-0.39333 6.6448607e-01
-0.38667 6.7268200e-01
-0.38000 6.8103588e-01
-0.37333 6.8955122e-01
-0.36667 6.9823150e-01
-0.36000 7.0708030e-01
-0.35333 7.1610118e-01
-0.34667 7.2529770e-01
-0.34000 7.3467343e-01
-0.33333 7.4423188e-01
-0.32667 7.5397656e-01
-0.32000 7.6391087e-01
-0.31333 7.7403814e-01
-0.30667 7.8436156e-01
-0.30000 7.9488415e-01
-0.29333 8.0560874e-01
-0.28667 8.1653790e-01
-0.28000 8.2767390e-01
-0.27333 8.3901862e-01
-0.26667 8.5057345e-01
-0.26000 8.6233932e-01
-0.25333 8.7431642e-01
-0.24667 8.8650429e-01
-0.24000 8.9890146e-01
-0.23333 9.1150545e-01
-0.22667 9.2431255e-01
-0.22000 9.3731752e-01
-0.21333 9.5051349e-01
-0.20667 9.6389160e-01
-0.20000 9.7744060e-01
-0.19333 9.9114664e-01
-0.18667 1.0049927e+00
-0.18000 1.0189581e+00
-0.17333 1.0330182e+00
-0.16667 1.0471432e+00
-0.16000 1.0612979e+00
-0.15333 1.0754409e+00
-0.14667 1.0895235e+00
-0.14000 1.1034887e+00
-0.13333 1.1172705e+00
-0.12667 1.1307926e+00
-0.12000 1.1439676e+00
-0.11333 1.1566962e+00
-0.10667 1.1688669e+00
-0.10000 1.1803563e+00
-0.09333 1.1910304e+00
-0.08667 1.2007473e+00
-0.08000 1.2093631e+00
-0.07333 1.2167400e+00
-0.06667 1.2227586e+00
-0.06000 1.2273333e+00
-0.05333 1.2304287e+00
-0.04667 1.2320665e+00
-0.04000 1.2323068e+00
-0.03333 1.2311761e+00
-0.02667 1.2285256e+00
-0.02000 1.2238905e+00
-0.01333 1.2165922e+00
-0.00667 1.2062623e+00
 0.00000 1.1279576e+00
 0.00667 1.1781133e+00
 0.01333 1.1616922e+00
 0.02000 1.1434561e+00
 0.02667 1.1217108e+00
 0.03333 1.0962047e+00
 0.04000 1.0678507e+00
 0.04667 1.0377338e+00
 0.05333 1.0067572e+00
 0.06000 9.7559928e-01
 0.06667 9.4474668e-01
 0.07333 9.1453648e-01
 0.08000 8.8519292e-01
 0.08667 8.5685680e-01
 0.09333 8.2960816e-01
 0.10000 8.0348360e-01
 0.10667 7.7848905e-01
 0.11333 7.5460949e-01
 0.12000 7.3181571e-01
 0.12667 7.1006949e-01
 0.13333 6.8932709e-01
 0.14000 6.6954197e-01
 0.14667 6.5066639e-01
 0.15333 6.3265284e-01
 0.16000 6.1545480e-01
 0.16667 5.9902731e-01
 0.17333 5.8332727e-01
 0.18000 5.6831372e-01
 0.18667 5.5394785e-01
 0.19333 5.4019309e-01
 0.20000 5.2701500e-01
 0.20667 5.1438130e-01
 0.21333 5.0226169e-01
 0.22000 4.9062781e-01
 0.22667 4.7945312e-01
 0.23333 4.6871277e-01
 0.24000 4.5838354e-01
 0.24667 4.4844369e-01
 0.25333 4.3887289e-01
 0.26000 4.2965209e-01
 0.26667 4.2076349e-01
 0.27333 4.1219037e-01
 0.28000 4.0391709e-01
 0.28667 3.9592897e-01
 0.29333 3.8821223e-01
 0.30000 3.8075396e-01
 0.30667 3.7354198e-01
 0.31333 3.6656487e-01
 0.32000 3.5981189e-01
 0.32667 3.5327291e-01
 0.33333 3.4693839e-01
 0.34000 3.4079934e-01
 0.34667 3.3484727e-01
 0.35333 3.2907417e-01
 0.36000 3.2347247e-01
 0.36667 3.1803502e-01
 0.37333 3.1275503e-01
 0.38000 3.0762610e-01
 0.38667 3.0264216e-01
 0.39333 2.9779745e-01
 0.40000 2.9308649e-01
 0.40667 2.8850412e-01
 0.41333 2.8404540e-01
 0.42000 2.7970565e-01
 0.42667 2.7548042e-01
 0.43333 2.7136548e-01
 0.44000 2.6735679e-01
 0.44667 2.6345051e-01
 0.45333 2.5964298e-01
 0.46000 2.5593070e-01
 0.46667 2.5231035e-01
 0.47333 2.4877874e-01
 0.48000 2.4533284e-01
 0.48667 2.4196974e-01
 0.49333 2.3868666e-01
 0.50000 2.3548095e-01
 0.50667 2.3235007e-01
 0.51333 2.2929157e-01
 0.52000 2.2630314e-01
 0.52667 2.2338253e-01
 0.53333 2.2052760e-01
 0.54000 2.1773629e-01
 0.54667 2.1500664e-01
 0.55333 2.1233674e-01
 0.56000 2.0972478e-01
 0.56667 2.0716902e-01
 0.57333 2.0466777e-01
 0.58000 2.0221942e-01
 0.58667 1.9982241e-01
 0.59333 1.9747524e-01
 0.60000 1.9517650e-01
 0.60667 1.9292477e-01
 0.61333 1.9071873e-01
 0.62000 1.8855710e-01
 0.62667 1.8643863e-01
 0.63333 1.8436212e-01
 0.64000 1.8232644e-01
 0.64667 1.8033045e-01
 0.65333 1.7837310e-01
 0.66000 1.7645334e-01
 0.66667 1.7457016e-01
 0.67333 1.7272261e-01
 0.68000 1.7090976e-01
 0.68667 1.6913069e-01
 0.69333 1.6738453e-01
 0.70000 1.6567044e-01
 0.70667 1.6398761e-01
 0.71333 1.6233524e-01
 0.72000 1.6071257e-01
 0.72667 1.5911886e-01
 0.73333 1.5755339e-01
 0.74000 1.5601547e-01
 0.74667 1.5450442e-01
 0.75333 1.5301959e-01
 0.76000 1.5156036e-01
 0.76667 1.5012611e-01
 0.77333 1.4871624e-01
 0.78000 1.4733018e-01
 0.78667 1.4596738e-01
 0.79333 1.4462729e-01
 0.80000 1.4330938e-01
 0.80667 1.4201314e-01
 0.81333 1.4073809e-01
 0.82000 1.3948373e-01
 0.82667 1.3824961e-01
 0.83333 1.3703526e-01
 0.84000 1.3584025e-01
 0.84667 1.3466414e-01
 0.85333 1.3350653e-01
 0.86000 1.3236701e-01
 0.86667 1.3124517e-01
 0.87333 1.3014065e-01
 0.88000 1.2905307e-01
 0.88667 1.2798206e-01
 0.89333 1.2692728e-01
 0.90000 1.2588837e-01
 0.90667 1.2486502e-01
 0.91333 1.2385688e-01
 0.92000 1.2286365e-01
 0.92667 1.2188502e-01
 0.93333 1.2092069e-01
 0.94000 1.1997036e-01
 0.94667 1.1903376e-01
 0.95333 1.1811059e-01
 0.96000 1.1720060e-01
 0.96667 1.1630352e-01
 0.97333 1.1541908e-01
 0.98000 1.1454704e-01
 0.98667 1.1368716e-01
 0.99333 1.1283919e-01
 1.00000 1.1200289e-01
