-1.00000 2.5507827e-01
-0.99333 2.5683329e-01
-0.98667 2.5861020e-01
-0.98000 2.6040938e-01
-0.97333 2.6223122e-01
-0.96667 2.6407613e-01
-0.96000 2.6594451e-01
-0.95333 2.6783677e-01
-0.94667 2.6975337e-01
-0.94000 2.7169471e-01
-0.93333 2.7366126e-01
-0.92667 2.7565346e-01
-0.92000 2.7767178e-01
-0.91333 2.7971670e-01
-0.90667 2.8178870e-01
-0.90000 2.8388828e-01
-0.89333 2.8601594e-01
-0.88667 2.8817223e-01
-0.88000 2.9035765e-01
-0.87333 2.9257277e-01
-0.86667 2.9481813e-01
-0.86000 2.9709431e-01
-0.85333 2.9940190e-01
-0.84667 3.0174150e-01
-0.84000 3.0411371e-01
-0.83333 3.0651916e-01
-0.82667 3.0895852e-01
-0.82000 3.1143242e-01
-0.81333 3.1394155e-01
-0.80667 3.1648660e-01
-0.80000 3.1906828e-01
-0.79333 3.2168733e-01
-0.78667 3.2434448e-01
-0.78000 3.2704049e-01
-0.77333 3.2977616e-01
-0.76667 3.3255230e-01
-0.76000 3.3536973e-01
-0.75333 3.3822928e-01
-0.74667 3.4113183e-01
-0.74000 3.4407828e-01
-0.73333 3.4706954e-01
-0.72667 3.5010654e-01
-0.72000 3.5319026e-01
-0.71333 3.5632167e-01
-0.70667 3.5950181e-01
-0.70000 3.6273171e-01
-0.69333 3.6601243e-01
-0.68667 3.6934510e-01
-0.68000 3.7273084e-01
-0.67333 3.7617080e-01
-0.66667 3.7966619e-01
-0.66000 3.8321824e-01
-0.65333 3.8682820e-01
-0.64667 3.9049738e-01
-0.64000 3.9422712e-01
-0.63333 3.9801877e-01
-0.62667 4.0187377e-01
-0.62000 4.0579356e-01
-0.61333 4.0977965e-01
-0.60667 4.1383355e-01
-0.60000 4.1795688e-01
-0.59333 4.2215124e-01
-0.58667 4.2641834e-01
-0.58000 4.3075987e-01
-0.57333 4.3517764e-01
-0.56667 4.3967347e-01
-0.56000 4.4424925e-01
-0.55333 4.4890693e-01
-0.54667 4.5364851e-01
-0.54000 4.5847606e-01
-0.53333 4.6339170e-01
-0.52667 4.6839763e-01
-0.52000 4.7349610e-01
-0.51333 4.7868945e-01
-0.50667 4.8398008e-01
-0.50000 4.8937045e-01
-0.49333 4.9486311e-01
-0.48667 5.0046071e-01
-0.48000 5.0616594e-01
-0.47333 5.1198161e-01
-0.46667 5.1791056e-01
-0.46000 5.2395580e-01
-0.45333 5.3012037e-01
-0.44667 5.3640741e-01
-0.44000 5.4282017e-01
-0.43333 5.4936199e-01
-0.42667 5.5603630e-01
-0.42000 5.6284665e-01
-0.41333 5.6979667e-01
-0.40667 5.7689011e-01
-0.40000 5.8413081e-01
-0.39333 5.9152272e-01
-0.38667 5.9906989e-01
-0.38000 6.0677648e-01
-0.37333 6.1464676e-01
-0.36667 6.2268506e-01
-0.36000 6.3089585e-01
-0.35333 6.3928364e-01
-0.34667 6.4785311e-01
-0.34000 6.5660889e-01
-0.33333 6.6555578e-01
-0.32667 6.7469856e-01
-0.32000 6.8404209e-01
-0.31333 6.9359124e-01
-0.30667 7.0335084e-01
-0.30000 7.1332570e-01
-0.29333 7.2352055e-01
-0.28667 7.3394003e-01
-0.28000 7.4458860e-01
-0.27333 7.5547046e-01
-0.26667 7.6658960e-01
-0.26000 7.7794954e-01
-0.25333 7.8955346e-01
-0.24667 8.0140382e-01
-0.24000 8.1350246e-01
-0.23333 8.2585032e-01
-0.22667 8.3844731e-01
-0.22000 8.5129202e-01
-0.21333 8.6438160e-01
-0.20667 8.7771133e-01
-0.20000 8.9127438e-01
-0.19333 9.0506140e-01
-0.18667 9.1906000e-01
-0.18000 9.3325433e-01
-0.17333 9.4762443e-01
-0.16667 9.6214556e-01
-0.16000 9.7678749e-01
-0.15333 9.9151362e-01
-0.14667 1.0062802e+00
-0.14000 1.0210352e+00
-0.13333 1.0357176e+00
-0.12667 1.0502567e+00
-0.12000 1.0645713e+00
-0.11333 1.0785694e+00
-0.10667 1.0921493e+00
-0.10000 1.1052011e+00
-0.09333 1.1176102e+00
-0.08667 1.1292636e+00
-0.08000 1.1400597e+00
-0.07333 1.1499233e+00
-0.06667 1.1588253e+00
-0.06000 1.1668103e+00
-0.05333 1.1740266e+00
-0.04667 1.1807562e+00
-0.04000 1.1874291e+00
-0.03333 1.1945956e+00
-0.02667 1.2027954e+00
-0.02000 1.2122099e+00
-0.01333 1.2220641e+00
-0.00667 1.2306661e+00
 0.00000 1.2278510e+00
 0.00667 1.2436340e+00
 0.01333 1.2509010e+00
 0.02000 1.2574857e+00
 0.02667 1.2584564e+00
 0.03333 1.2504430e+00
 0.04000 1.2333379e+00
 0.04667 1.2089319e+00
 0.05333 1.1794477e+00
 0.06000 1.1468442e+00
 0.06667 1.1126300e+00
 0.07333 1.0778876e+00
 0.08000 1.0433594e+00
 0.08667 1.0095348e+00
 0.09333 9.7672317e-01
 0.10000 9.4510786e-01
 0.10667 9.1478557e-01
 0.11333 8.8579443e-01
 0.12000 8.5813348e-01
 0.12667 8.3177628e-01
 0.13333 8.0668026e-01
 0.14000 7.8279329e-01
 0.14667 7.6005806e-01
 0.15333 7.3841504e-01
 0.16000 7.1780461e-01
 0.16667 6.9816823e-01
 0.17333 6.7944945e-01
 0.18000 6.6159423e-01
 0.18667 6.4455142e-01
 0.19333 6.2827268e-01
 0.20000 6.1271267e-01
 0.20667 5.9782888e-01
 0.21333 5.8358156e-01
 0.22000 5.6993359e-01
 0.22667 5.5685037e-01
 0.23333 5.4429960e-01
 0.24000 5.3225124e-01
 0.24667 5.2067722e-01
 0.25333 5.0955139e-01
 0.26000 4.9884938e-01
 0.26667 4.8854844e-01
 0.27333 4.7862734e-01
 0.28000 4.6906625e-01
 0.28667 4.5984664e-01
 0.29333 4.5095117e-01
 0.30000 4.4236363e-01
 0.30667 4.3406882e-01
 0.31333 4.2605250e-01
 0.32000 4.1830131e-01
 0.32667 4.1080273e-01
 0.33333 4.0354497e-01
 0.34000 3.9651698e-01
 0.34667 3.8970831e-01
 0.35333 3.8310919e-01
 0.36000 3.7671035e-01
 0.36667 3.7050308e-01
 0.37333 3.6447918e-01
 0.38000 3.5863086e-01
 0.38667 3.5295079e-01
 0.39333 3.4743203e-01
 0.40000 3.4206801e-01
 0.40667 3.3685251e-01
 0.41333 3.3177964e-01
 0.42000 3.2684381e-01
 0.42667 3.2203972e-01
 0.43333 3.1736231e-01
 0.44000 3.1280683e-01
 0.44667 3.0836871e-01
 0.45333 3.0404362e-01
 0.46000 2.9982746e-01
 0.46667 2.9571629e-01
 0.47333 2.9170638e-01
 0.48000 2.8779415e-01
 0.48667 2.8397623e-01
 0.49333 2.8024935e-01
 0.50000 2.7661043e-01
 0.50667 2.7305649e-01
 0.51333 2.6958471e-01
 0.52000 2.6619238e-01
 0.52667 2.6287690e-01
 0.53333 2.5963580e-01
 0.54000 2.5646670e-01
 0.54667 2.5336733e-01
 0.55333 2.5033550e-01
 0.56000 2.4736911e-01
 0.56667 2.4446617e-01
 0.57333 2.4162473e-01
 0.58000 2.3884295e-01
 0.58667 2.3611905e-01
 0.59333 2.3345132e-01
 0.60000 2.3083811e-01
 0.60667 2.2827784e-01
 0.61333 2.2576900e-01
 0.62000 2.2331011e-01
 0.62667 2.2089976e-01
 0.63333 2.1853660e-01
 0.64000 2.1621932e-01
 0.64667 2.1394666e-01
 0.65333 2.1171739e-01
 0.66000 2.0953035e-01
 0.66667 2.0738439e-01
 0.67333 2.0527844e-01
 0.68000 2.0321143e-01
 0.68667 2.0118235e-01
 0.69333 1.9919020e-01
 0.70000 1.9723404e-01
 0.70667 1.9531295e-01
 0.71333 1.9342603e-01
 0.72000 1.9157244e-01
 0.72667 1.8975133e-01
 0.73333 1.8796190e-01
 0.74000 1.8620337e-01
 0.74667 1.8447499e-01
 0.75333 1.8277603e-01
 0.76000 1.8110577e-01
 0.76667 1.7946353e-01
 0.77333 1.7784865e-01
 0.78000 1.7626048e-01
 0.78667 1.7469841e-01
 0.79333 1.7316181e-01
 0.80000 1.7165010e-01
 0.80667 1.7016272e-01
 0.81333 1.6869910e-01
 0.82000 1.6725872e-01
 0.82667 1.6584105e-01
 0.83333 1.6444559e-01
 0.84000 1.6307183e-01
 0.84667 1.6171931e-01
 0.85333 1.6038756e-01
 0.86000 1.5907612e-01
 0.86667 1.5778457e-01
 0.87333 1.5651246e-01
 0.88000 1.5525939e-01
 0.88667 1.5402496e-01
 0.89333 1.5280877e-01
 0.90000 1.5161044e-01
 0.90667 1.5042959e-01
 0.91333 1.4926587e-01
 0.92000 1.4811892e-01
 0.92667 1.4698841e-01
 0.93333 1.4587399e-01
 0.94000 1.4477534e-01
 0.94667 1.4369214e-01
 0.95333 1.4262409e-01
 0.96000 1.4157089e-01
 0.96667 1.4053224e-01
 0.97333 1.3950785e-01
 0.98000 1.3849745e-01
 0.98667 1.3750075e-01
 0.99333 1.3651751e-01
 1.00000 1.3554746e-01
