-1.00000 2.6780980e-01
-0.99333 2.6965905e-01
-0.98667 2.7153120e-01
-0.98000 2.7342664e-01
-0.97333 2.7534579e-01
-0.96667 2.7728907e-01
-0.96000 2.7925690e-01
-0.95333 2.8124970e-01
-0.94667 2.8326793e-01
-0.94000 2.8531203e-01
-0.93333 2.8738245e-01
-0.92667 2.8947967e-01
-0.92000 2.9160415e-01
-0.91333 2.9375640e-01
-0.90667 2.9593690e-01
-0.90000 2.9814615e-01
-0.89333 3.0038469e-01
-0.88667 3.0265305e-01
-0.88000 3.0495175e-01
-0.87333 3.0728137e-01
-0.86667 3.0964246e-01
-0.86000 3.1203561e-01
-0.85333 3.1446141e-01
-0.84667 3.1692047e-01
-0.84000 3.1941340e-01
-0.83333 3.2194085e-01
-0.82667 3.2450346e-01
-0.82000 3.2710190e-01
-0.81333 3.2973685e-01
-0.80667 3.3240900e-01
-0.80000 3.3511907e-01
-0.79333 3.3786779e-01
-0.78667 3.4065590e-01
-0.78000 3.4348418e-01
-0.77333 3.4635341e-01
-0.76667 3.4926437e-01
-0.76000 3.5221792e-01
-0.75333 3.5521487e-01
-0.74667 3.5825610e-01
-0.74000 3.6134249e-01
-0.73333 3.6447494e-01
-0.72667 3.6765439e-01
-0.72000 3.7088179e-01
-0.71333 3.7415810e-01
-0.70667 3.7748434e-01
-0.70000 3.8086151e-01
-0.69333 3.8429069e-01
-0.68667 3.8777294e-01
-0.68000 3.9130936e-01
-0.67333 3.9490110e-01
-0.66667 3.9854930e-01
-0.66000 4.0225518e-01
-0.65333 4.0601995e-01
-0.64667 4.0984485e-01
-0.64000 4.1373119e-01
-0.63333 4.1768028e-01
-0.62667 4.2169348e-01
-0.62000 4.2577216e-01
-0.61333 4.2991779e-01
-0.60667 4.3413180e-01
-0.60000 4.3841571e-01
-0.59333 4.4277107e-01
-0.58667 4.4719944e-01
-0.58000 4.5170248e-01
-0.57333 4.5628183e-01
-0.56667 4.6093924e-01
-0.56000 4.6567645e-01
-0.55333 4.7049527e-01
-0.54667 4.7539756e-01
-0.54000 4.8038524e-01
-0.53333 4.8546024e-01
-0.52667 4.9062460e-01
-0.52000 4.9588037e-01
-0.51333 5.0122968e-01
-0.50667 5.0667468e-01
-0.50000 5.1221763e-01
-0.49333 5.1786081e-01
-0.48667 5.2360656e-01
-0.48000 5.2945731e-01
-0.47333 5.3541553e-01
-0.46667 5.4148374e-01
-0.46000 5.4766455e-01
-0.45333 5.5396062e-01
-0.44667 5.6037468e-01
-0.44000 5.6690951e-01
-0.43333 5.7356799e-01
-0.42667 5.8035301e-01
-0.42000 5.8726756e-01
-0.41333 5.9431471e-01
-0.40667 6.0149753e-01
-0.40000 6.0881919e-01
-0.39333 6.1628293e-01
-0.38667 6.2389200e-01
-0.38000 6.3164974e-01
-0.37333 6.3955949e-01
-0.36667 6.4762465e-01
-0.36000 6.5584864e-01
-0.35333 6.6423489e-01
-0.34667 6.7278685e-01
-0.34000 6.8150798e-01
-0.33333 6.9040165e-01
-0.32667 6.9947126e-01
-0.32000 7.0872011e-01
-0.31333 7.1815140e-01
-0.30667 7.2776824e-01
-0.30000 7.3757355e-01
-0.29333 7.4757009e-01
-0.28667 7.5776034e-01
-0.28000 7.6814651e-01
-0.27333 7.7873048e-01
-0.26667 7.8951358e-01
-0.26000 8.0049677e-01
-0.25333 8.1168033e-01
-0.24667 8.2306378e-01
-0.24000 8.3464585e-01
-0.23333 8.4642424e-01
-0.22667 8.5839551e-01
-0.22000 8.7055487e-01
-0.21333 8.8289590e-01
-0.20667 8.9541044e-01
-0.20000 9.0808815e-01
-0.19333 9.2091636e-01
-0.18667 9.3387954e-01
-0.18000 9.4695905e-01
-0.17333 9.6013266e-01
-0.16667 9.7337404e-01
-0.16000 9.8665237e-01
-0.15333 9.9993165e-01
-0.14667 1.0131703e+00
-0.14000 1.0263208e+00
-0.13333 1.0393289e+00
-0.12667 1.0521338e+00
-0.12000 1.0646676e+00
-0.11333 1.0768564e+00
-0.10667 1.0886203e+00
-0.10000 1.0998759e+00
-0.09333 1.1105387e+00
-0.08667 1.1205275e+00
-0.08000 1.1297705e+00
-0.07333 1.1382140e+00
-0.06667 1.1458331e+00
-0.06000 1.1526456e+00
-0.05333 1.1587265e+00
-0.04667 1.1642199e+00
-0.04000 1.1693371e+00
-0.03333 1.1743141e+00
-0.02667 1.1792760e+00
-0.02000 1.1839706e+00
-0.01333 1.1875594e+00
-0.00667 1.1891152e+00
 0.00000 1.1659994e+00
 0.00667 1.1869345e+00
 0.01333 1.1849133e+00
 0.02000 1.1815775e+00
 0.02667 1.1745724e+00
 0.03333 1.1625890e+00
 0.04000 1.1454670e+00
 0.04667 1.1238821e+00
 0.05333 1.0988927e+00
 0.06000 1.0715881e+00
 0.06667 1.0429132e+00
 0.07333 1.0136166e+00
 0.08000 9.8425806e-01
 0.08667 9.5523926e-01
 0.09333 9.2683761e-01
 0.10000 8.9923675e-01
 0.10667 8.7255122e-01
 0.11333 8.4684553e-01
 0.12000 8.2214857e-01
 0.12667 7.9846416e-01
 0.13333 7.7577888e-01
 0.14000 7.5406771e-01
 0.14667 7.3329811e-01
 0.15333 7.1343297e-01
 0.16000 6.9443262e-01
 0.16667 6.7625645e-01
 0.17333 6.5886382e-01
 0.18000 6.4221480e-01
 0.18667 6.2627063e-01
 0.19333 6.1099408e-01
 0.20000 5.9634954e-01
 0.20667 5.8230320e-01
 0.21333 5.6882302e-01
 0.22000 5.5587873e-01
 0.22667 5.4344181e-01
 0.23333 5.3148548e-01
 0.24000 5.1998443e-01
 0.24667 5.0891502e-01
 0.25333 4.9825497e-01
 0.26000 4.8798339e-01
 0.26667 4.7808068e-01
 0.27333 4.6852843e-01
 0.28000 4.5930932e-01
 0.28667 4.5040715e-01
 0.29333 4.4180664e-01
 0.30000 4.3349343e-01
 0.30667 4.2545407e-01
 0.31333 4.1767582e-01
 0.32000 4.1014674e-01
 0.32667 4.0285559e-01
 0.33333 3.9579172e-01
 0.34000 3.8894514e-01
 0.34667 3.8230639e-01
 0.35333 3.7586656e-01
 0.36000 3.6961719e-01
 0.36667 3.6355033e-01
 0.37333 3.5765842e-01
 0.38000 3.5193432e-01
 0.38667 3.4637127e-01
 0.39333 3.4096285e-01
 0.40000 3.3570297e-01
 0.40667 3.3058585e-01
 0.41333 3.2560602e-01
 0.42000 3.2075826e-01
 0.42667 3.1603761e-01
 0.43333 3.1143936e-01
 0.44000 3.0695902e-01
 0.44667 3.0259232e-01
 0.45333 2.9833519e-01
 0.46000 2.9418373e-01
 0.46667 2.9013426e-01
 0.47333 2.8618322e-01
 0.48000 2.8232724e-01
 0.48667 2.7856309e-01
 0.49333 2.7488770e-01
 0.50000 2.7129812e-01
 0.50667 2.6779151e-01
 0.51333 2.6436518e-01
 0.52000 2.6101654e-01
 0.52667 2.5774310e-01
 0.53333 2.5454250e-01
 0.54000 2.5141245e-01
 0.54667 2.4835077e-01
 0.55333 2.4535535e-01
 0.56000 2.4242419e-01
 0.56667 2.3955533e-01
 0.57333 2.3674694e-01
 0.58000 2.3399720e-01
 0.58667 2.3130442e-01
 0.59333 2.2866692e-01
 0.60000 2.2608312e-01
 0.60667 2.2355148e-01
 0.61333 2.2107053e-01
 0.62000 2.1863884e-01
 0.62667 2.1625505e-01
 0.63333 2.1391782e-01
 0.64000 2.1162589e-01
 0.64667 2.0937802e-01
 0.65333 2.0717303e-01
 0.66000 2.0500977e-01
 0.66667 2.0288714e-01
 0.67333 2.0080406e-01
 0.68000 1.9875951e-01
 0.68667 1.9675248e-01
 0.69333 1.9478201e-01
 0.70000 1.9284717e-01
 0.70667 1.9094706e-01
 0.71333 1.8908079e-01
 0.72000 1.8724754e-01
 0.72667 1.8544648e-01
 0.73333 1.8367681e-01
 0.74000 1.8193778e-01
 0.74667 1.8022864e-01
 0.75333 1.7854866e-01
 0.76000 1.7689716e-01
 0.76667 1.7527345e-01
 0.77333 1.7367689e-01
 0.78000 1.7210682e-01
 0.78667 1.7056265e-01
 0.79333 1.6904376e-01
 0.80000 1.6754959e-01
 0.80667 1.6607955e-01
 0.81333 1.6463312e-01
 0.82000 1.6320975e-01
 0.82667 1.6180893e-01
 0.83333 1.6043016e-01
 0.84000 1.5907295e-01
 0.84667 1.5773683e-01
 0.85333 1.5642133e-01
 0.86000 1.5512602e-01
 0.86667 1.5385045e-01
 0.87333 1.5259421e-01
 0.88000 1.5135687e-01
 0.88667 1.5013805e-01
 0.89333 1.4893734e-01
 0.90000 1.4775438e-01
 0.90667 1.4658880e-01
 0.91333 1.4544022e-01
 0.92000 1.4430831e-01
 0.92667 1.4319272e-01
 0.93333 1.4209313e-01
 0.94000 1.4100920e-01
 0.94667 1.3994062e-01
 0.95333 1.3888709e-01
 0.96000 1.3784831e-01
 0.96667 1.3682398e-01
 0.97333 1.3581381e-01
 0.98000 1.3481754e-01
 0.98667 1.3383489e-01
 0.99333 1.3286558e-01
 1.00000 1.3190937e-01
