-1.00000 2.7929023e-01
-0.99333 2.8122691e-01
-0.98667 2.8318752e-01
-0.98000 2.8517247e-01
-0.97333 2.8718219e-01
-0.96667 2.8921714e-01
-0.96000 2.9127772e-01
-0.95333 2.9336442e-01
-0.94667 2.9547768e-01
-0.94000 2.9761795e-01
-0.93333 2.9978572e-01
-0.92667 3.0198147e-01
-0.92000 3.0420571e-01
-0.91333 3.0645891e-01
-0.90667 3.0874162e-01
-0.90000 3.1105434e-01
-0.89333 3.1339763e-01
-0.88667 3.1577201e-01
-0.88000 3.1817806e-01
-0.87333 3.2061636e-01
-0.86667 3.2308748e-01
-0.86000 3.2559202e-01
-0.85333 3.2813060e-01
-0.84667 3.3070384e-01
-0.84000 3.3331239e-01
-0.83333 3.3595688e-01
-0.82667 3.3863801e-01
-0.82000 3.4135644e-01
-0.81333 3.4411288e-01
-0.80667 3.4690805e-01
-0.80000 3.4974267e-01
-0.79333 3.5261750e-01
-0.78667 3.5553332e-01
-0.78000 3.5849089e-01
-0.77333 3.6149103e-01
-0.76667 3.6453455e-01
-0.76000 3.6762231e-01
-0.75333 3.7075516e-01
-0.74667 3.7393398e-01
-0.74000 3.7715967e-01
-0.73333 3.8043318e-01
-0.72667 3.8375544e-01
-0.72000 3.8712741e-01
-0.71333 3.9055012e-01
-0.70667 3.9402456e-01
-0.70000 3.9755177e-01
-0.69333 4.0113284e-01
-0.68667 4.0476885e-01
-0.68000 4.0846093e-01
-0.67333 4.1221022e-01
-0.66667 4.1601792e-01
-0.66000 4.1988522e-01
-0.65333 4.2381336e-01
-0.64667 4.2780362e-01
-0.64000 4.3185730e-01
-0.63333 4.3597573e-01
-0.62667 4.4016028e-01
-0.62000 4.4441235e-01
-0.61333 4.4873338e-01
-0.60667 4.5312484e-01
-0.60000 4.5758827e-01
-0.59333 4.6212518e-01
-0.58667 4.6673719e-01
-0.58000 4.7142593e-01
-0.57333 4.7619306e-01
-0.56667 4.8104030e-01
-0.56000 4.8596941e-01
-0.55333 4.9098220e-01
-0.54667 4.9608053e-01
-0.54000 5.0126628e-01
-0.53333 5.0654140e-01
-0.52667 5.1190789e-01
-0.52000 5.1736779e-01
-0.51333 5.2292321e-01
-0.50667 5.2857629e-01
-0.50000 5.3432923e-01
-0.49333 5.4018430e-01
-0.48667 5.4614379e-01
-0.48000 5.5221009e-01
-0.47333 5.5838560e-01
-0.46667 5.6467283e-01
-0.46000 5.7107429e-01
-0.45333 5.7759260e-01
-0.44667 5.8423039e-01
-0.44000 5.9099038e-01
-0.43333 5.9787533e-01
-0.42667 6.0488806e-01
-0.42000 6.1203146e-01
-0.41333 6.1930845e-01
-0.40667 6.2672199e-01
-0.40000 6.3427513e-01
-0.39333 6.4197093e-01
-0.38667 6.4981248e-01
-0.38000 6.5780293e-01
-0.37333 6.6594549e-01
-0.36667 6.7424327e-01
-0.36000 6.8269955e-01
-0.35333 6.9131747e-01
-0.34667 7.0010025e-01
-0.34000 7.0905104e-01
-0.33333 7.1817297e-01
-0.32667 7.2746909e-01
-0.32000 7.3694237e-01
-0.31333 7.4659565e-01
-0.30667 7.5643167e-01
-0.30000 7.6645295e-01
-0.29333 7.7666182e-01
-0.28667 7.8706030e-01
-0.28000 7.9765014e-01
-0.27333 8.0843266e-01
-0.26667 8.1940876e-01
-0.26000 8.3057879e-01
-0.25333 8.4194241e-01
-0.24667 8.5349865e-01
-0.24000 8.6524553e-01
-0.23333 8.7718018e-01
-0.22667 8.8929848e-01
-0.22000 9.0159494e-01
-0.21333 9.1406254e-01
-0.20667 9.2669236e-01
-0.20000 9.3947345e-01
-0.19333 9.5239241e-01
-0.18667 9.6543308e-01
-0.18000 9.7857611e-01
-0.17333 9.9179859e-01
-0.16667 1.0050735e+00
-0.16000 1.0183691e+00
-0.15333 1.0316488e+00
-0.14667 1.0448697e+00
-0.14000 1.0579829e+00
-0.13333 1.0709324e+00
-0.12667 1.0836546e+00
-0.12000 1.0960781e+00
-0.11333 1.1081232e+00
-0.10667 1.1197026e+00
-0.10000 1.1307219e+00
-0.09333 1.1410811e+00
-0.08667 1.1506784e+00
-0.08000 1.1594142e+00
-0.07333 1.1671990e+00
-0.06667 1.1739631e+00
-0.06000 1.1796705e+00
-0.05333 1.1843322e+00
-0.04667 1.1880164e+00
-0.04000 1.1908359e+00
-0.03333 1.1928879e+00
-0.02667 1.1941116e+00
-0.02000 1.1941016e+00
-0.01333 1.1921193e+00
-0.00667 1.1876237e+00
 0.00000 1.1366445e+00
 0.00667 1.1722443e+00
 0.01333 1.1626768e+00
 0.02000 1.1513907e+00
 0.02667 1.1365244e+00
 0.03333 1.1175998e+00
 0.04000 1.0951476e+00
 0.04667 1.0699892e+00
 0.05333 1.0429636e+00
 0.06000 1.0148201e+00
 0.06667 9.8617633e-01
 0.07333 9.5751282e-01
 0.08000 9.2918633e-01
 0.08667 9.0145084e-01
 0.09333 8.7447919e-01
 0.10000 8.4838228e-01
 0.10667 8.2322481e-01
 0.11333 7.9903778e-01
 0.12000 7.7582801e-01
 0.12667 7.5358530e-01
 0.13333 7.3228781e-01
 0.14000 7.1190595e-01
 0.14667 6.9240529e-01
 0.15333 6.7374858e-01
 0.16000 6.5589728e-01
 0.16667 6.3881261e-01
 0.17333 6.2245627e-01
 0.18000 6.0679093e-01
 0.18667 5.9178059e-01
 0.19333 5.7739077e-01
 0.20000 5.6358858e-01
 0.20667 5.5034286e-01
 0.21333 5.3762410e-01
 0.22000 5.2540446e-01
 0.22667 5.1365770e-01
 0.23333 5.0235915e-01
 0.24000 4.9148556e-01
 0.24667 4.8101513e-01
 0.25333 4.7092737e-01
 0.26000 4.6120303e-01
 0.26667 4.5182400e-01
 0.27333 4.4277330e-01
 0.28000 4.3403496e-01
 0.28667 4.2559398e-01
 0.29333 4.1743623e-01
 0.30000 4.0954844e-01
 0.30667 4.0191811e-01
 0.31333 3.9453345e-01
 0.32000 3.8738337e-01
 0.32667 3.8045743e-01
 0.33333 3.7374575e-01
 0.34000 3.6723900e-01
 0.34667 3.6092841e-01
 0.35333 3.5480565e-01
 0.36000 3.4886285e-01
 0.36667 3.4309257e-01
 0.37333 3.3748777e-01
 0.38000 3.3204177e-01
 0.38667 3.2674824e-01
 0.39333 3.2160118e-01
 0.40000 3.1659488e-01
 0.40667 3.1172394e-01
 0.41333 3.0698320e-01
 0.42000 3.0236779e-01
 0.42667 2.9787303e-01
 0.43333 2.9349451e-01
 0.44000 2.8922799e-01
 0.44667 2.8506947e-01
 0.45333 2.8101511e-01
 0.46000 2.7706124e-01
 0.46667 2.7320437e-01
 0.47333 2.6944118e-01
 0.48000 2.6576847e-01
 0.48667 2.6218319e-01
 0.49333 2.5868243e-01
 0.50000 2.5526342e-01
 0.50667 2.5192346e-01
 0.51333 2.4866002e-01
 0.52000 2.4547064e-01
 0.52667 2.4235296e-01
 0.53333 2.3930475e-01
 0.54000 2.3632384e-01
 0.54667 2.3340815e-01
 0.55333 2.3055570e-01
 0.56000 2.2776456e-01
 0.56667 2.2503291e-01
 0.57333 2.2235897e-01
 0.58000 2.1974105e-01
 0.58667 2.1717751e-01
 0.59333 2.1466678e-01
 0.60000 2.1220733e-01
 0.60667 2.0979772e-01
 0.61333 2.0743654e-01
 0.62000 2.0512243e-01
 0.62667 2.0285408e-01
 0.63333 2.0063024e-01
 0.64000 1.9844969e-01
 0.64667 1.9631125e-01
 0.65333 1.9421381e-01
 0.66000 1.9215625e-01
 0.66667 1.9013753e-01
 0.67333 1.8815663e-01
 0.68000 1.8621256e-01
 0.68667 1.8430437e-01
 0.69333 1.8243114e-01
 0.70000 1.8059197e-01
 0.70667 1.7878601e-01
 0.71333 1.7701242e-01
 0.72000 1.7527040e-01
 0.72667 1.7355916e-01
 0.73333 1.7187793e-01
 0.74000 1.7022601e-01
 0.74667 1.6860266e-01
 0.75333 1.6700721e-01
 0.76000 1.6543898e-01
 0.76667 1.6389734e-01
 0.77333 1.6238164e-01
 0.78000 1.6089128e-01
 0.78667 1.5942568e-01
 0.79333 1.5798426e-01
 0.80000 1.5656646e-01
 0.80667 1.5517174e-01
 0.81333 1.5379959e-01
 0.82000 1.5244949e-01
 0.82667 1.5112094e-01
 0.83333 1.4981347e-01
 0.84000 1.4852661e-01
 0.84667 1.4725990e-01
 0.85333 1.4601291e-01
 0.86000 1.4478521e-01
 0.86667 1.4357638e-01
 0.87333 1.4238601e-01
 0.88000 1.4121372e-01
 0.88667 1.4005911e-01
 0.89333 1.3892181e-01
 0.90000 1.3780146e-01
 0.90667 1.3669771e-01
 0.91333 1.3561021e-01
 0.92000 1.3453862e-01
 0.92667 1.3348263e-01
 0.93333 1.3244191e-01
 0.94000 1.3141615e-01
 0.94667 1.3040505e-01
 0.95333 1.2940831e-01
 0.96000 1.2842565e-01
 0.96667 1.2745679e-01
 0.97333 1.2650145e-01
 0.98000 1.2555937e-01
 0.98667 1.2463028e-01
 0.99333 1.2371393e-01
 1.00000 1.2281008e-01
