-1.00000 2.9278927e-01
-0.99333 2.9481235e-01
-0.98667 2.9686024e-01
-0.98000 2.9893340e-01
-0.97333 3.0103225e-01
-0.96667 3.0315724e-01
-0.96000 3.0530883e-01
-0.95333 3.0748747e-01
-0.94667 3.0969364e-01
-0.94000 3.1192780e-01
-0.93333 3.1419046e-01
-0.92667 3.1648210e-01
-0.92000 3.1880323e-01
-0.91333 3.2115437e-01
-0.90667 3.2353605e-01
-0.90000 3.2594880e-01
-0.89333 3.2839318e-01
-0.88667 3.3086974e-01
-0.88000 3.3337907e-01
-0.87333 3.3592173e-01
-0.86667 3.3849835e-01
-0.86000 3.4110953e-01
-0.85333 3.4375589e-01
-0.84667 3.4643808e-01
-0.84000 3.4915674e-01
-0.83333 3.5191255e-01
-0.82667 3.5470620e-01
-0.82000 3.5753836e-01
-0.81333 3.6040977e-01
-0.80667 3.6332116e-01
-0.80000 3.6627327e-01
-0.79333 3.6926687e-01
-0.78667 3.7230274e-01
-0.78000 3.7538167e-01
-0.77333 3.7850449e-01
-0.76667 3.8167204e-01
-0.76000 3.8488517e-01
-0.75333 3.8814477e-01
-0.74667 3.9145172e-01
-0.74000 3.9480694e-01
-0.73333 3.9821139e-01
-0.72667 4.0166602e-01
-0.72000 4.0517181e-01
-0.71333 4.0872978e-01
-0.70667 4.1234096e-01
-0.70000 4.1600641e-01
-0.69333 4.1972721e-01
-0.68667 4.2350449e-01
-0.68000 4.2733936e-01
-0.67333 4.3123299e-01
-0.66667 4.3518659e-01
-0.66000 4.3920136e-01
-0.65333 4.4327858e-01
-0.64667 4.4741950e-01
-0.64000 4.5162547e-01
-0.63333 4.5589782e-01
-0.62667 4.6023792e-01
-0.62000 4.6464720e-01
-0.61333 4.6912712e-01
-0.60667 4.7367914e-01
-0.60000 4.7830480e-01
-0.59333 4.8300566e-01
-0.58667 4.8778331e-01
-0.58000 4.9263940e-01
-0.57333 4.9757563e-01
-0.56667 5.0259367e-01
-0.56000 5.0769533e-01
-0.55333 5.1288242e-01
-0.54667 5.1815675e-01
-0.54000 5.2352029e-01
-0.53333 5.2897492e-01
-0.52667 5.3452268e-01
-0.52000 5.4016559e-01
-0.51333 5.4590575e-01
-0.50667 5.5174530e-01
-0.50000 5.5768645e-01
-0.49333 5.6373143e-01
-0.48667 5.6988254e-01
-0.48000 5.7614213e-01
-0.47333 5.8251263e-01
-0.46667 5.8899648e-01
-0.46000 5.9559619e-01
-0.45333 6.0231433e-01
-0.44667 6.0915352e-01
-0.44000 6.1611644e-01
-0.43333 6.2320581e-01
-0.42667 6.3042441e-01
-0.42000 6.3777505e-01
-0.41333 6.4526062e-01
-0.40667 6.5288403e-01
-0.40000 6.6064822e-01
-0.39333 6.6855620e-01
-0.38667 6.7661098e-01
-0.38000 6.8481562e-01
-0.37333 6.9317318e-01
-0.36667 7.0168674e-01
-0.36000 7.1035938e-01
-0.35333 7.1919415e-01
-0.34667 7.2819410e-01
-0.34000 7.3736221e-01
-0.33333 7.4670146e-01
-0.32667 7.5621467e-01
-0.32000 7.6590462e-01
-0.31333 7.7577391e-01
-0.30667 7.8582501e-01
-0.30000 7.9606015e-01
-0.29333 8.0648133e-01
-0.28667 8.1709024e-01
-0.28000 8.2788825e-01
-0.27333 8.3887623e-01
-0.26667 8.5005463e-01
-0.26000 8.6142323e-01
-0.25333 8.7298116e-01
-0.24667 8.8472670e-01
-0.24000 8.9665721e-01
-0.23333 9.0876891e-01
-0.22667 9.2105675e-01
-0.22000 9.3351417e-01
-0.21333 9.4613284e-01
-0.20667 9.5890250e-01
-0.20000 9.7181044e-01
-0.19333 9.8484135e-01
-0.18667 9.9797678e-01
-0.18000 1.0111948e+00
-0.17333 1.0244692e+00
-0.16667 1.0377693e+00
-0.16000 1.0510590e+00
-0.15333 1.0642959e+00
-0.14667 1.0774311e+00
-0.14000 1.0904077e+00
-0.13333 1.1031603e+00
-0.12667 1.1156141e+00
-0.12000 1.1276839e+00
-0.11333 1.1392740e+00
-0.10667 1.1502776e+00
-0.10000 1.1605778e+00
-0.09333 1.1700487e+00
-0.08667 1.1785589e+00
-0.08000 1.1859767e+00
-0.07333 1.1921781e+00
-0.06667 1.1970578e+00
-0.06000 1.2005428e+00
-0.05333 1.2026038e+00
-0.04667 1.2032578e+00
-0.04000 1.2025428e+00
-0.03333 1.2004481e+00
-0.02667 1.1967937e+00
-0.02000 1.1911433e+00
-0.01333 1.1829513e+00
-0.00667 1.1720120e+00
 0.00000 1.0975658e+00
 0.00667 1.1436567e+00
 0.01333 1.1275817e+00
 0.02000 1.1101780e+00
 0.02667 1.0899606e+00
 0.03333 1.0665533e+00
 0.04000 1.0406504e+00
 0.04667 1.0131442e+00
 0.05333 9.8479163e-01
 0.06000 9.5617014e-01
 0.06667 9.2770485e-01
 0.07333 8.9970089e-01
 0.08000 8.7237088e-01
 0.08667 8.4585688e-01
 0.09333 8.2024784e-01
 0.10000 7.9559318e-01
 0.10667 7.7191348e-01
 0.11333 7.4920854e-01
 0.12000 7.2746352e-01
 0.12667 7.0665361e-01
 0.13333 6.8674737e-01
 0.14000 6.6770924e-01
 0.14667 6.4950149e-01
 0.15333 6.3208536e-01
 0.16000 6.1542216e-01
 0.16667 5.9947379e-01
 0.17333 5.8420326e-01
 0.18000 5.6957498e-01
 0.18667 5.5555489e-01
 0.19333 5.4211058e-01
 0.20000 5.2921133e-01
 0.20667 5.1682813e-01
 0.21333 5.0493354e-01
 0.22000 4.9350179e-01
 0.22667 4.8250863e-01
 0.23333 4.7193123e-01
 0.24000 4.6174818e-01
 0.24667 4.5193934e-01
 0.25333 4.4248583e-01
 0.26000 4.3336988e-01
 0.26667 4.2457485e-01
 0.27333 4.1608505e-01
 0.28000 4.0788578e-01
 0.28667 3.9996320e-01
 0.29333 3.9230427e-01
 0.30000 3.8489677e-01
 0.30667 3.7772913e-01
 0.31333 3.7079051e-01
 0.32000 3.6407065e-01
 0.32667 3.5755989e-01
 0.33333 3.5124911e-01
 0.34000 3.4512968e-01
 0.34667 3.3919348e-01
 0.35333 3.3343279e-01
 0.36000 3.2784036e-01
 0.36667 3.2240927e-01
 0.37333 3.1713299e-01
 0.38000 3.1200533e-01
 0.38667 3.0702042e-01
 0.39333 3.0217268e-01
 0.40000 2.9745682e-01
 0.40667 2.9286782e-01
 0.41333 2.8840088e-01
 0.42000 2.8405146e-01
 0.42667 2.7981523e-01
 0.43333 2.7568807e-01
 0.44000 2.7166604e-01
 0.44667 2.6774540e-01
 0.45333 2.6392258e-01
 0.46000 2.6019416e-01
 0.46667 2.5655688e-01
 0.47333 2.5300764e-01
 0.48000 2.4954347e-01
 0.48667 2.4616151e-01
 0.49333 2.4285904e-01
 0.50000 2.3963346e-01
 0.50667 2.3648228e-01
 0.51333 2.3340310e-01
 0.52000 2.3039363e-01
 0.52667 2.2745168e-01
 0.53333 2.2457513e-01
 0.54000 2.2176197e-01
 0.54667 2.1901025e-01
 0.55333 2.1631811e-01
 0.56000 2.1368375e-01
 0.56667 2.1110545e-01
 0.57333 2.0858155e-01
 0.58000 2.0611046e-01
 0.58667 2.0369065e-01
 0.59333 2.0132063e-01
 0.60000 1.9899899e-01
 0.60667 1.9672436e-01
 0.61333 1.9449541e-01
 0.62000 1.9231088e-01
 0.62667 1.9016953e-01
 0.63333 1.8807018e-01
 0.64000 1.8601169e-01
 0.64667 1.8399296e-01
 0.65333 1.8201292e-01
 0.66000 1.8007055e-01
 0.66667 1.7816484e-01
 0.67333 1.7629485e-01
 0.68000 1.7445965e-01
 0.68667 1.7265832e-01
 0.69333 1.7089003e-01
 0.70000 1.6915391e-01
 0.70667 1.6744916e-01
 0.71333 1.6577499e-01
 0.72000 1.6413065e-01
 0.72667 1.6251539e-01
 0.73333 1.6092851e-01
 0.74000 1.5936931e-01
 0.74667 1.5783712e-01
 0.75333 1.5633130e-01
 0.76000 1.5485121e-01
 0.76667 1.5339624e-01
 0.77333 1.5196581e-01
 0.78000 1.5055933e-01
 0.78667 1.4917626e-01
 0.79333 1.4781604e-01
 0.80000 1.4647817e-01
 0.80667 1.4516212e-01
 0.81333 1.4386740e-01
 0.82000 1.4259353e-01
 0.82667 1.4134005e-01
 0.83333 1.4010650e-01
 0.84000 1.3889243e-01
 0.84667 1.3769744e-01
 0.85333 1.3652108e-01
 0.86000 1.3536297e-01
 0.86667 1.3422271e-01
 0.87333 1.3309991e-01
 0.88000 1.3199420e-01
 0.88667 1.3090523e-01
 0.89333 1.2983262e-01
 0.90000 1.2877605e-01
 0.90667 1.2773518e-01
 0.91333 1.2670969e-01
 0.92000 1.2569924e-01
 0.92667 1.2470355e-01
 0.93333 1.2372230e-01
 0.94000 1.2275521e-01
 0.94667 1.2180198e-01
 0.95333 1.2086234e-01
 0.96000 1.1993602e-01
 0.96667 1.1902275e-01
 0.97333 1.1812227e-01
 0.98000 1.1723434e-01
 0.98667 1.1635869e-01
 0.99333 1.1549510e-01
 1.00000 1.1464332e-01
