# Mathis, Mezger & Panagia (1983) MW ISRF starlight (no CMB), U=1
# lambda[um]   L_lambda[arb, shape only; normalized to unit peak]
  9.120000e-02   5.268703e-01
  9.351357e-02   5.739606e-01
  9.588583e-02   6.252598e-01
  9.831826e-02   6.811440e-01
  1.008124e-01   7.420229e-01
  1.033698e-01   8.083431e-01
  1.059921e-01   8.805908e-01
  1.086809e-01   9.592958e-01
  1.114380e-01   1.000000e+00
  1.142649e-01   1.000000e+00
  1.171636e-01   1.000000e+00
  1.201358e-01   1.000000e+00
  1.231834e-01   1.000000e+00
  1.263084e-01   1.000000e+00
  1.295126e-01   1.000000e+00
  1.327980e-01   1.000000e+00
  1.361669e-01   9.674411e-01
  1.396212e-01   9.278531e-01
  1.431631e-01   8.898851e-01
  1.467948e-01   8.534707e-01
  1.505187e-01   8.185464e-01
  1.543371e-01   7.850512e-01
  1.582523e-01   7.529267e-01
  1.622669e-01   7.221167e-01
  1.663833e-01   6.925674e-01
  1.706041e-01   6.642273e-01
  1.749320e-01   6.370470e-01
  1.793697e-01   6.109788e-01
  1.839200e-01   5.859773e-01
  1.885857e-01   5.619990e-01
  1.933697e-01   5.390018e-01
  1.982751e-01   5.169457e-01
  2.033050e-01   4.957921e-01
  2.084624e-01   4.755041e-01
  2.137507e-01   4.560463e-01
  2.191732e-01   4.373848e-01
  2.247332e-01   4.194868e-01
  2.304342e-01   4.023213e-01
  2.362799e-01   3.858582e-01
  2.422739e-01   3.700688e-01
  2.484199e-01   3.549254e-01
  2.547218e-01   3.118021e-15
  2.611836e-01   3.323197e-15
  2.678093e-01   3.527006e-15
  2.746031e-01   3.728205e-15
  2.815693e-01   3.925614e-15
  2.887121e-01   4.118132e-15
  2.960362e-01   4.304765e-15
  3.035461e-01   4.484630e-15
  3.112465e-01   4.656973e-15
  3.191422e-01   4.821174e-15
  3.272382e-01   4.976751e-15
  3.355396e-01   5.123360e-15
  3.440516e-01   5.260792e-15
  3.527795e-01   5.388966e-15
  3.617288e-01   5.507916e-15
  3.709052e-01   5.617785e-15
  3.803144e-01   5.718802e-15
  3.899622e-01   5.811275e-15
  3.998548e-01   5.895564e-15
  4.099983e-01   5.972074e-15
  4.203992e-01   6.041228e-15
  4.310639e-01   6.103455e-15
  4.419992e-01   6.159174e-15
  4.532118e-01   6.208780e-15
  4.647089e-01   6.252630e-15
  4.764977e-01   6.291031e-15
  4.885855e-01   6.324238e-15
  5.009800e-01   6.352442e-15
  5.136889e-01   6.375771e-15
  5.267202e-01   6.394289e-15
  5.400820e-01   6.407995e-15
  5.537829e-01   6.416828e-15
  5.678313e-01   6.420675e-15
  5.822361e-01   6.419376e-15
  5.970063e-01   6.412734e-15
  6.121512e-01   6.400522e-15
  6.276803e-01   6.382496e-15
  6.436033e-01   6.358407e-15
  6.599303e-01   6.328008e-15
  6.766714e-01   6.291065e-15
  6.938373e-01   6.247370e-15
  7.114386e-01   6.196745e-15
  7.294864e-01   6.139056e-15
  7.479920e-01   6.074211e-15
  7.669672e-01   6.002176e-15
  7.864236e-01   5.922968e-15
  8.063737e-01   5.836665e-15
  8.268298e-01   5.743406e-15
  8.478049e-01   5.643386e-15
  8.693121e-01   5.536859e-15
  8.913648e-01   5.424136e-15
  9.139770e-01   5.305575e-15
  9.371628e-01   5.181584e-15
  9.609369e-01   5.052610e-15
  9.853140e-01   4.919136e-15
  1.010309e+00   4.781672e-15
  1.035939e+00   4.640751e-15
  1.062219e+00   4.496923e-15
  1.089165e+00   4.350744e-15
  1.116795e+00   4.202775e-15
  1.145126e+00   4.053571e-15
  1.174176e+00   3.903680e-15
  1.203962e+00   3.753635e-15
  1.234505e+00   3.603947e-15
  1.265822e+00   3.455109e-15
  1.297933e+00   3.307582e-15
  1.330859e+00   3.161802e-15
  1.364620e+00   3.018169e-15
  1.399238e+00   2.877052e-15
  1.434734e+00   2.738785e-15
  1.471131e+00   2.603665e-15
  1.508450e+00   2.471956e-15
  1.546717e+00   2.343885e-15
  1.585954e+00   2.219643e-15
  1.626187e+00   2.099392e-15
  1.667440e+00   1.983257e-15
  1.709740e+00   1.871335e-15
  1.753112e+00   1.763694e-15
  1.797585e+00   1.660373e-15
  1.843187e+00   1.561388e-15
  1.889945e+00   1.466730e-15
  1.937889e+00   1.376372e-15
  1.987049e+00   1.290266e-15
  2.037457e+00   1.208346e-15
  2.089143e+00   1.130535e-15
  2.142141e+00   1.056739e-15
  2.196483e+00   9.868557e-16
  2.252203e+00   9.207729e-16
  2.309338e+00   8.583706e-16
  2.367921e+00   7.995227e-16
  2.427990e+00   7.440989e-16
  2.489584e+00   6.919651e-16
  2.552740e+00   6.429853e-16
  2.617498e+00   5.970226e-16
  2.683899e+00   5.539397e-16
  2.751984e+00   5.136004e-16
  2.821797e+00   4.758697e-16
  2.893380e+00   4.406149e-16
  2.966780e+00   4.077060e-16
  3.042041e+00   3.770161e-16
  3.119212e+00   3.484220e-16
  3.198340e+00   3.218043e-16
  3.279476e+00   2.970477e-16
  3.362670e+00   2.740412e-16
  3.447974e+00   2.526783e-16
  3.535443e+00   2.328571e-16
  3.625130e+00   2.144801e-16
  3.717092e+00   1.974545e-16
  3.811388e+00   1.816921e-16
  3.908075e+00   1.671091e-16
  4.007216e+00   1.536261e-16
  4.108871e+00   1.411682e-16
  4.213105e+00   1.296644e-16
  4.319984e+00   1.190482e-16
  4.429573e+00   1.092567e-16
  4.541943e+00   1.002308e-16
  4.657163e+00   9.191532e-17
  4.775306e+00   8.425827e-17
  4.896447e+00   7.721113e-17
  5.020660e+00   7.072853e-17
  5.148024e+00   6.476807e-17
  5.278620e+00   5.929025e-17
  5.412528e+00   5.425825e-17
  5.549834e+00   4.963778e-17
  5.690622e+00   4.539698e-17
  5.834982e+00   4.150624e-17
  5.983004e+00   3.793807e-17
  6.134782e+00   3.466699e-17
  6.290409e+00   3.166938e-17
  6.449985e+00   2.892336e-17
  6.613608e+00   2.640870e-17
  6.781383e+00   2.410668e-17
  6.953413e+00   2.200003e-17
  7.129808e+00   2.007276e-17
  7.310678e+00   1.831016e-17
  7.496135e+00   1.669864e-17
  7.686298e+00   1.522567e-17
  7.881284e+00   1.387973e-17
  8.081217e+00   1.265020e-17
  8.286222e+00   1.152731e-17
  8.496427e+00   1.050207e-17
  8.711965e+00   9.566233e-18
  8.932971e+00   8.712205e-18
  9.159583e+00   7.933020e-18
  9.391944e+00   7.222282e-18
  9.630200e+00   6.574124e-18
  9.874499e+00   5.983163e-18
  1.012500e+01   5.444465e-18
  1.038185e+01   4.953508e-18
  1.064521e+01   4.506151e-18
  1.091526e+01   4.098600e-18
  1.119216e+01   3.727382e-18
  1.147609e+01   3.389321e-18
  1.176721e+01   3.081508e-18
  1.206572e+01   2.801286e-18
  1.237181e+01   2.546225e-18
  1.268566e+01   2.314102e-18
  1.300747e+01   2.102889e-18
  1.333744e+01   1.910730e-18
  1.367579e+01   1.735934e-18
  1.402271e+01   1.576955e-18
  1.437844e+01   1.432381e-18
  1.474320e+01   1.300925e-18
  1.511720e+01   1.181414e-18
  1.550070e+01   1.072775e-18
  1.589392e+01   9.740327e-19
  1.629712e+01   8.842959e-19
  1.671054e+01   8.027532e-19
  1.713446e+01   7.286649e-19
  1.756913e+01   6.613571e-19
  1.801482e+01   6.002161e-19
  1.847182e+01   5.446828e-19
  1.894042e+01   4.942481e-19
  1.942090e+01   4.484484e-19
  1.991357e+01   4.068620e-19
  2.041874e+01   3.691049e-19
  2.093672e+01   3.348276e-19
  2.146785e+01   3.037123e-19
  2.201244e+01   2.754697e-19
  2.257086e+01   2.498369e-19
  2.314344e+01   2.265746e-19
  2.373054e+01   2.054654e-19
  2.433254e+01   1.863114e-19
  2.494981e+01   1.689329e-19
  2.558274e+01   1.531666e-19
  2.623172e+01   1.388638e-19
  2.689717e+01   1.258897e-19
  2.757950e+01   1.141216e-19
  2.827914e+01   1.034482e-19
  2.899652e+01   9.376828e-20
  2.973211e+01   8.498991e-20
  3.048636e+01   7.702962e-20
  3.125974e+01   6.981162e-20
  3.205273e+01   6.326707e-20
  3.286585e+01   5.733348e-20
  3.369959e+01   5.195412e-20
  3.455449e+01   4.707748e-20
  3.543107e+01   4.265682e-20
  3.632988e+01   3.864971e-20
  3.725150e+01   3.501765e-20
  3.819650e+01   3.172569e-20
  3.916547e+01   2.874213e-20
  4.015903e+01   2.603821e-20
  4.117778e+01   2.358782e-20
  4.222238e+01   2.136730e-20
  4.329348e+01   1.935516e-20
  4.439176e+01   1.753193e-20
  4.551789e+01   1.587994e-20
  4.667259e+01   1.438317e-20
  4.785658e+01   1.302708e-20
  4.907061e+01   1.179849e-20
  5.031544e+01   1.068547e-20
  5.159184e+01   9.677173e-21
  5.290063e+01   8.763781e-21
  5.424261e+01   7.936389e-21
  5.561864e+01   7.186925e-21
  5.702958e+01   6.508071e-21
  5.847631e+01   5.893194e-21
  5.995974e+01   5.336281e-21
  6.148081e+01   4.831884e-21
  6.304046e+01   4.375064e-21
  6.463967e+01   3.961344e-21
  6.627945e+01   3.586669e-21
  6.796083e+01   3.247363e-21
  6.968487e+01   2.940096e-21
  7.145264e+01   2.661849e-21
  7.326525e+01   2.409887e-21
  7.512385e+01   2.181734e-21
  7.702960e+01   1.975144e-21
  7.898369e+01   1.788084e-21
  8.098735e+01   1.618711e-21
  8.304185e+01   1.465356e-21
  8.514846e+01   1.326507e-21
  8.730851e+01   1.200796e-21
  8.952336e+01   1.086980e-21
  9.179439e+01   9.839371e-22
  9.412304e+01   8.906488e-22
  9.651076e+01   8.061933e-22
  9.895905e+01   7.297357e-22
  1.014694e+02   6.605199e-22
  1.040435e+02   5.978610e-22
  1.066829e+02   5.411389e-22
  1.093893e+02   4.897919e-22
  1.121642e+02   4.433115e-22
  1.150096e+02   4.012369e-22
  1.179272e+02   3.631513e-22
  1.209188e+02   3.286769e-22
  1.239863e+02   2.974718e-22
  1.271316e+02   2.692263e-22
  1.303566e+02   2.436601e-22
  1.336635e+02   2.205194e-22
  1.370543e+02   1.995743e-22
  1.405311e+02   1.806167e-22
  1.440961e+02   1.634584e-22
  1.477516e+02   1.479286e-22
  1.514997e+02   1.338730e-22
  1.553430e+02   1.211518e-22
  1.592838e+02   1.096384e-22
  1.633245e+02   9.921837e-23
  1.674677e+02   8.978786e-23
  1.717160e+02   8.125303e-23
  1.760721e+02   7.352890e-23
  1.805387e+02   6.653851e-23
  1.851187e+02   6.021224e-23
  1.898148e+02   5.448704e-23
  1.946300e+02   4.930586e-23
  1.995674e+02   4.461703e-23
  2.046300e+02   4.037382e-23
  2.098211e+02   3.653391e-23
  2.151438e+02   3.305898e-23
  2.206016e+02   2.991439e-23
  2.261979e+02   2.706873e-23
  2.319361e+02   2.449363e-23
  2.378198e+02   2.216337e-23
  2.438529e+02   2.005469e-23
  2.500389e+02   1.814653e-23
  2.563819e+02   1.641983e-23
  2.628859e+02   1.485736e-23
  2.695548e+02   1.344350e-23
  2.763928e+02   1.216412e-23
  2.834044e+02   1.100644e-23
  2.905938e+02   9.958890e-24
  2.979656e+02   9.010999e-24
  3.055244e+02   8.153291e-24
  3.132750e+02   7.377191e-24
  3.212222e+02   6.674937e-24
  3.293710e+02   6.039506e-24
  3.377265e+02   5.464543e-24
  3.462939e+02   4.944297e-24
  3.550787e+02   4.473562e-24
  3.640864e+02   4.047630e-24
  3.733226e+02   3.662236e-24
  3.827930e+02   3.313526e-24
  3.925038e+02   2.998008e-24
  4.024608e+02   2.712525e-24
  4.126705e+02   2.454218e-24
  4.231391e+02   2.220502e-24
  4.338733e+02   2.009036e-24
  4.448799e+02   1.817703e-24
  4.561656e+02   1.644586e-24
  4.677376e+02   1.487953e-24
  4.796032e+02   1.346234e-24
  4.917699e+02   1.218009e-24
  5.042451e+02   1.101994e-24
  5.170368e+02   9.970268e-25
  5.301531e+02   9.020555e-25
  5.436020e+02   8.161285e-25
  5.573921e+02   7.383848e-25
  5.715321e+02   6.680452e-25
  5.860308e+02   6.044049e-25
  6.008972e+02   5.468258e-25
  6.161408e+02   4.947309e-25
  6.317711e+02   4.475980e-25
  6.477979e+02   4.049546e-25
  6.642313e+02   3.663731e-25
  6.810816e+02   3.314667e-25
  6.983593e+02   2.998854e-25
  7.160753e+02   2.713125e-25
  7.342408e+02   2.454616e-25
  7.528670e+02   2.220734e-25
  7.719658e+02   2.009133e-25
  7.915491e+02   1.817691e-25
  8.116292e+02   1.644488e-25
  8.322186e+02   1.487786e-25
  8.533304e+02   1.346014e-25
  8.749778e+02   1.217750e-25
  8.971742e+02   1.101706e-25
  9.199338e+02   9.967196e-26
  9.432708e+02   9.017361e-26
  9.671997e+02   8.158030e-26
  9.917357e+02   7.380580e-26
  1.016894e+03   6.677211e-26
  1.042691e+03   6.040864e-26
  1.069142e+03   5.465156e-26
  1.096264e+03   4.944307e-26
  1.124074e+03   4.473091e-26
  1.152590e+03   4.046779e-26
  1.181829e+03   3.661093e-26
  1.211809e+03   3.312162e-26
  1.242550e+03   2.996483e-26
  1.274072e+03   2.710889e-26
  1.306392e+03   2.452511e-26
  1.339533e+03   2.218758e-26
  1.373514e+03   2.007282e-26
  1.408358e+03   1.815960e-26
  1.444085e+03   1.642873e-26
  1.480719e+03   1.486281e-26
  1.518282e+03   1.344614e-26
  1.556797e+03   1.216450e-26
  1.596290e+03   1.100500e-26
  1.636785e+03   9.956019e-27
  1.678307e+03   9.007016e-27
  1.720883e+03   8.148466e-27
  1.764538e+03   7.371746e-27
  1.809301e+03   6.669059e-27
  1.855200e+03   6.033349e-27
  1.902262e+03   5.458232e-27
  1.950519e+03   4.937933e-27
  2.000000e+03   4.467228e-27
