# Starburst99 instantaneous SSP (Padova, Z=0.02), t=1.000e+10 yr (~10 Gyr) -- old population
# lambda[um]   L_lambda[arb, shape only; normalized to unit peak]
  9.100000e-03   5.804970e-51
  9.400000e-03   5.804970e-51
  9.600000e-03   5.804970e-51
  9.800000e-03   5.804970e-51
  1.000000e-02   5.804970e-51
  1.020000e-02   5.804970e-51
  1.040000e-02   5.804970e-51
  1.060000e-02   5.804970e-51
  1.080000e-02   5.804970e-51
  1.100000e-02   5.804970e-51
  1.140000e-02   5.804970e-51
  1.180000e-02   5.804970e-51
  1.210000e-02   5.804970e-51
  1.250000e-02   5.804970e-51
  1.270000e-02   5.804970e-51
  1.280000e-02   5.804970e-51
  1.310000e-02   5.804970e-51
  1.320000e-02   5.804970e-51
  1.340000e-02   5.804970e-51
  1.370000e-02   5.804970e-51
  1.400000e-02   5.804970e-51
  1.430000e-02   5.804970e-51
  1.470000e-02   5.804970e-51
  1.510000e-02   5.804970e-51
  1.550000e-02   5.804970e-51
  1.590000e-02   5.804970e-51
  1.620000e-02   5.804970e-51
  1.660000e-02   5.804970e-51
  1.700000e-02   5.804970e-51
  1.730000e-02   5.804970e-51
  1.770000e-02   5.804970e-51
  1.800000e-02   5.804970e-51
  1.820000e-02   5.804970e-51
  1.860000e-02   5.804970e-51
  1.910000e-02   5.804970e-51
  1.940000e-02   5.804970e-51
  1.980000e-02   5.804970e-51
  2.020000e-02   5.804970e-51
  2.050000e-02   5.804970e-51
  2.100000e-02   5.804970e-51
  2.160000e-02   5.804970e-51
  2.200000e-02   5.804970e-51
  2.230000e-02   5.804970e-51
  2.270000e-02   5.804970e-51
  2.300000e-02   5.804970e-51
  2.340000e-02   5.804970e-51
  2.400000e-02   5.804970e-51
  2.460000e-02   5.804970e-51
  2.520000e-02   5.804970e-51
  2.570000e-02   5.804970e-51
  2.600000e-02   5.804970e-51
  2.640000e-02   5.804970e-51
  2.690000e-02   5.804970e-51
  2.740000e-02   5.804970e-51
  2.790000e-02   5.804970e-51
  2.840000e-02   5.804970e-51
  2.900000e-02   5.804970e-51
  2.960000e-02   5.804970e-51
  3.010000e-02   5.804970e-51
  3.080000e-02   5.804970e-51
  3.180000e-02   5.804970e-51
  3.280000e-02   5.804970e-51
  3.380000e-02   5.804970e-51
  3.480000e-02   5.804970e-51
  3.570000e-02   5.804970e-51
  3.660000e-02   5.804970e-51
  3.750000e-02   5.804970e-51
  3.850000e-02   5.804970e-51
  3.950000e-02   5.804970e-51
  4.050000e-02   5.804970e-51
  4.140000e-02   5.804970e-51
  4.220000e-02   5.804970e-51
  4.300000e-02   5.804970e-51
  4.410000e-02   5.804970e-51
  4.510000e-02   5.804970e-51
  4.600000e-02   5.804970e-51
  4.700000e-02   5.804970e-51
  4.800000e-02   5.804970e-51
  4.900000e-02   5.804970e-51
  5.000000e-02   5.804970e-51
  5.060000e-02   5.804970e-51
  5.120000e-02   5.804970e-51
  5.200000e-02   5.804970e-51
  5.300000e-02   5.804970e-51
  5.400000e-02   5.804970e-51
  5.500000e-02   5.804970e-51
  5.600000e-02   5.804970e-51
  5.700000e-02   5.804970e-51
  5.800000e-02   5.804970e-51
  5.900000e-02   5.804970e-51
  6.000000e-02   5.804970e-51
  6.100000e-02   5.804970e-51
  6.200000e-02   5.804970e-51
  6.300000e-02   5.804970e-51
  6.400000e-02   5.804970e-51
  6.500000e-02   5.804970e-51
  6.580000e-02   5.804970e-51
  6.650000e-02   5.804970e-51
  6.750000e-02   5.804970e-51
  6.850000e-02   5.804970e-51
  6.950000e-02   5.804970e-51
  7.050000e-02   5.804970e-51
  7.160000e-02   5.804970e-51
  7.260000e-02   5.804970e-51
  7.350000e-02   5.804970e-51
  7.450000e-02   5.804970e-51
  7.550000e-02   5.804970e-51
  7.650000e-02   5.804970e-51
  7.750000e-02   5.804970e-51
  7.850000e-02   5.804970e-51
  7.950000e-02   5.804970e-51
  8.050000e-02   5.804970e-51
  8.150000e-02   5.804970e-51
  8.250000e-02   5.804970e-51
  8.350000e-02   5.804970e-51
  8.450000e-02   5.804970e-51
  8.550000e-02   5.804970e-51
  8.650000e-02   5.804970e-51
  8.750000e-02   5.804970e-51
  8.850000e-02   5.804970e-51
  8.950000e-02   5.804970e-51
  9.050000e-02   5.804970e-51
  9.150000e-02   5.804970e-51
  9.250000e-02   8.027679e-10
  9.350000e-02   1.140801e-09
  9.450000e-02   1.604205e-09
  9.550000e-02   2.245484e-09
  9.650000e-02   2.998817e-09
  9.750000e-02   3.413737e-09
  9.850000e-02   4.939921e-09
  9.950000e-02   6.216129e-09
  1.005000e-01   8.322044e-09
  1.015000e-01   1.027496e-08
  1.025000e-01   8.747018e-09
  1.035000e-01   1.617596e-08
  1.045000e-01   2.119191e-08
  1.055000e-01   2.576262e-08
  1.065000e-01   3.199337e-08
  1.075000e-01   4.009036e-08
  1.085000e-01   5.002418e-08
  1.095000e-01   5.979571e-08
  1.105000e-01   1.457203e-07
  1.115000e-01   2.058970e-07
  1.125000e-01   2.624581e-07
  1.135000e-01   3.575115e-07
  1.145000e-01   4.274841e-07
  1.155000e-01   4.599705e-07
  1.165000e-01   5.478731e-07
  1.175000e-01   6.087795e-07
  1.185000e-01   5.757580e-07
  1.195000e-01   4.488074e-07
  1.205000e-01   3.394845e-07
  1.215000e-01   1.440854e-07
  1.225000e-01   4.238869e-07
  1.235000e-01   9.307220e-07
  1.245000e-01   1.555858e-06
  1.255000e-01   2.256420e-06
  1.265000e-01   2.832109e-06
  1.275000e-01   3.691816e-06
  1.285000e-01   4.992292e-06
  1.295000e-01   6.185004e-06
  1.305000e-01   7.525407e-06
  1.315000e-01   9.304221e-06
  1.325000e-01   1.126523e-05
  1.335000e-01   1.306773e-05
  1.345000e-01   1.577393e-05
  1.355000e-01   1.754406e-05
  1.365000e-01   2.107124e-05
  1.375000e-01   2.369682e-05
  1.385000e-01   2.654606e-05
  1.395000e-01   3.067468e-05
  1.405000e-01   3.412558e-05
  1.415000e-01   3.999540e-05
  1.425000e-01   4.371998e-05
  1.435000e-01   4.820033e-05
  1.442000e-01   5.623802e-05
  1.447000e-01   5.634949e-05
  1.455000e-01   6.499800e-05
  1.465000e-01   6.826844e-05
  1.475000e-01   7.793096e-05
  1.485000e-01   8.634755e-05
  1.495000e-01   9.826300e-05
  1.505000e-01   1.120031e-04
  1.512000e-01   1.183532e-04
  1.517000e-01   1.194593e-04
  1.525000e-01   1.433937e-04
  1.535000e-01   1.662877e-04
  1.545000e-01   1.846758e-04
  1.555000e-01   2.452506e-04
  1.565000e-01   2.874419e-04
  1.575000e-01   5.715971e-04
  1.585000e-01   1.047611e-03
  1.595000e-01   1.418306e-03
  1.605000e-01   1.292736e-03
  1.615000e-01   1.767217e-03
  1.625000e-01   1.802727e-03
  1.635000e-01   1.987696e-03
  1.645000e-01   3.643930e-03
  1.655000e-01   2.021017e-03
  1.665000e-01   4.867769e-03
  1.672000e-01   3.251098e-03
  1.677000e-01   1.134985e-02
  1.685000e-01   1.232253e-02
  1.695000e-01   1.114988e-02
  1.705000e-01   1.385766e-02
  1.715000e-01   1.838231e-02
  1.725000e-01   2.048849e-02
  1.735000e-01   2.446696e-02
  1.745000e-01   2.486623e-02
  1.755000e-01   2.956787e-02
  1.765000e-01   2.258188e-02
  1.775000e-01   2.813714e-02
  1.785000e-01   3.149561e-02
  1.795000e-01   3.834599e-02
  1.805000e-01   4.560054e-02
  1.815000e-01   4.878991e-02
  1.825000e-01   4.417128e-02
  1.835000e-01   4.718566e-02
  1.845000e-01   3.548052e-02
  1.855000e-01   4.395113e-02
  1.865000e-01   5.342444e-02
  1.875000e-01   5.204272e-02
  1.885000e-01   5.424254e-02
  1.895000e-01   6.013676e-02
  1.905000e-01   5.717682e-02
  1.915000e-01   6.372796e-02
  1.925000e-01   6.311608e-02
  1.935000e-01   4.730859e-02
  1.945000e-01   7.087613e-02
  1.955000e-01   7.397586e-02
  1.967000e-01   8.382238e-02
  1.976000e-01   8.062876e-02
  1.984000e-01   8.108117e-02
  1.995000e-01   8.129803e-02
  2.005000e-01   7.514671e-02
  2.015000e-01   8.068819e-02
  2.025000e-01   6.812084e-02
  2.035000e-01   8.670817e-02
  2.045000e-01   9.626313e-02
  2.055000e-01   9.628530e-02
  2.065000e-01   9.274916e-02
  2.074000e-01   1.092421e-01
  2.078000e-01   1.180022e-01
  2.085000e-01   1.177904e-01
  2.095000e-01   1.126990e-01
  2.105000e-01   1.070508e-01
  2.115000e-01   1.168369e-01
  2.125000e-01   1.112628e-01
  2.135000e-01   1.011579e-01
  2.145000e-01   1.202181e-01
  2.155000e-01   1.185823e-01
  2.165000e-01   1.088830e-01
  2.175000e-01   1.103037e-01
  2.185000e-01   1.241938e-01
  2.195000e-01   1.378796e-01
  2.205000e-01   1.312895e-01
  2.215000e-01   1.165467e-01
  2.225000e-01   1.251988e-01
  2.235000e-01   1.510915e-01
  2.245000e-01   1.398750e-01
  2.255000e-01   1.230269e-01
  2.265000e-01   1.180592e-01
  2.275000e-01   1.288962e-01
  2.285000e-01   1.452312e-01
  2.295000e-01   1.301997e-01
  2.305000e-01   1.472482e-01
  2.315000e-01   1.444674e-01
  2.325000e-01   1.249309e-01
  2.335000e-01   1.196300e-01
  2.345000e-01   9.219344e-02
  2.355000e-01   1.432386e-01
  2.365000e-01   1.012675e-01
  2.375000e-01   1.267885e-01
  2.385000e-01   8.193510e-02
  2.395000e-01   1.023670e-01
  2.405000e-01   1.013538e-01
  2.415000e-01   1.095771e-01
  2.425000e-01   1.566823e-01
  2.435000e-01   1.529185e-01
  2.445000e-01   1.706554e-01
  2.455000e-01   1.715102e-01
  2.465000e-01   1.715853e-01
  2.475000e-01   1.522019e-01
  2.485000e-01   1.261276e-01
  2.495000e-01   1.330332e-01
  2.505000e-01   1.780410e-01
  2.513000e-01   1.226931e-01
  2.518000e-01   9.353841e-02
  2.525000e-01   9.689693e-02
  2.535000e-01   1.230382e-01
  2.545000e-01   1.315740e-01
  2.555000e-01   1.657448e-01
  2.565000e-01   1.522965e-01
  2.575000e-01   1.768724e-01
  2.585000e-01   1.702041e-01
  2.595000e-01   1.621101e-01
  2.605000e-01   1.466459e-01
  2.615000e-01   1.326569e-01
  2.625000e-01   1.708362e-01
  2.635000e-01   2.072001e-01
  2.645000e-01   2.619992e-01
  2.655000e-01   2.924826e-01
  2.665000e-01   2.450135e-01
  2.675000e-01   2.688500e-01
  2.685000e-01   2.843675e-01
  2.695000e-01   2.387591e-01
  2.705000e-01   2.610237e-01
  2.715000e-01   2.189778e-01
  2.725000e-01   2.159683e-01
  2.735000e-01   2.414682e-01
  2.745000e-01   1.678186e-01
  2.755000e-01   2.014281e-01
  2.765000e-01   2.402039e-01
  2.775000e-01   2.594359e-01
  2.785000e-01   2.065190e-01
  2.795000e-01   7.951517e-02
  2.805000e-01   1.042173e-01
  2.815000e-01   2.619389e-01
  2.825000e-01   3.000129e-01
  2.835000e-01   2.911991e-01
  2.845000e-01   2.613184e-01
  2.855000e-01   1.862602e-01
  2.865000e-01   2.925297e-01
  2.875000e-01   3.115444e-01
  2.885000e-01   3.047334e-01
  2.895000e-01   3.147458e-01
  2.910000e-01   3.676800e-01
  2.930000e-01   3.512206e-01
  2.950000e-01   3.432733e-01
  2.970000e-01   3.529474e-01
  2.990000e-01   3.598322e-01
  3.010000e-01   3.687822e-01
  3.030000e-01   3.754309e-01
  3.050000e-01   3.918140e-01
  3.070000e-01   3.888929e-01
  3.090000e-01   3.876948e-01
  3.110000e-01   3.981530e-01
  3.130000e-01   3.920216e-01
  3.150000e-01   3.892423e-01
  3.170000e-01   4.102513e-01
  3.190000e-01   3.856293e-01
  3.210000e-01   4.136852e-01
  3.230000e-01   3.889824e-01
  3.250000e-01   4.449795e-01
  3.270000e-01   4.854673e-01
  3.290000e-01   4.835930e-01
  3.310000e-01   4.821254e-01
  3.330000e-01   4.780904e-01
  3.350000e-01   4.724980e-01
  3.370000e-01   4.175322e-01
  3.390000e-01   4.555856e-01
  3.410000e-01   4.635003e-01
  3.430000e-01   4.927879e-01
  3.450000e-01   4.940148e-01
  3.470000e-01   5.031993e-01
  3.490000e-01   5.214708e-01
  3.510000e-01   5.400948e-01
  3.530000e-01   5.204272e-01
  3.550000e-01   5.681199e-01
  3.570000e-01   5.063724e-01
  3.590000e-01   4.957926e-01
  3.610000e-01   5.306278e-01
  3.630000e-01   5.394858e-01
  3.640000e-01   5.472049e-01
  3.650000e-01   5.761824e-01
  3.670000e-01   5.739050e-01
  3.690000e-01   5.636636e-01
  3.710000e-01   6.136913e-01
  3.730000e-01   5.546385e-01
  3.750000e-01   6.071276e-01
  3.770000e-01   6.609217e-01
  3.790000e-01   6.905577e-01
  3.810000e-01   7.188529e-01
  3.830000e-01   5.903642e-01
  3.850000e-01   7.059273e-01
  3.870000e-01   6.986666e-01
  3.890000e-01   6.557526e-01
  3.910000e-01   7.407131e-01
  3.930000e-01   5.243968e-01
  3.950000e-01   7.265575e-01
  3.970000e-01   5.493385e-01
  3.990000e-01   8.184648e-01
  4.010000e-01   8.544172e-01
  4.030000e-01   8.516477e-01
  4.050000e-01   8.443840e-01
  4.070000e-01   8.300992e-01
  4.090000e-01   8.689404e-01
  4.110000e-01   8.172784e-01
  4.130000e-01   8.687204e-01
  4.150000e-01   8.698012e-01
  4.170000e-01   8.791845e-01
  4.190000e-01   8.580449e-01
  4.210000e-01   8.578473e-01
  4.230000e-01   8.400788e-01
  4.250000e-01   8.434707e-01
  4.270000e-01   8.262091e-01
  4.290000e-01   7.874990e-01
  4.310000e-01   7.053911e-01
  4.330000e-01   8.446563e-01
  4.350000e-01   8.042665e-01
  4.370000e-01   8.765365e-01
  4.390000e-01   8.518439e-01
  4.410000e-01   8.832833e-01
  4.430000e-01   9.262965e-01
  4.450000e-01   9.204072e-01
  4.470000e-01   9.375188e-01
  4.490000e-01   9.519190e-01
  4.510000e-01   9.864158e-01
  4.530000e-01   9.437566e-01
  4.550000e-01   9.559386e-01
  4.570000e-01   9.886214e-01
  4.590000e-01   9.683447e-01
  4.610000e-01   9.833995e-01
  4.630000e-01   9.807990e-01
  4.650000e-01   9.827884e-01
  4.670000e-01   9.968504e-01
  4.690000e-01   9.935964e-01
  4.710000e-01   9.807312e-01
  4.730000e-01   9.940083e-01
  4.750000e-01   1.000000e+00
  4.770000e-01   9.970800e-01
  4.790000e-01   9.938481e-01
  4.810000e-01   9.968963e-01
  4.830000e-01   9.927502e-01
  4.850000e-01   9.634962e-01
  4.870000e-01   8.857884e-01
  4.890000e-01   9.770572e-01
  4.910000e-01   9.833543e-01
  4.930000e-01   9.685008e-01
  4.950000e-01   9.847818e-01
  4.970000e-01   9.972866e-01
  4.990000e-01   9.621881e-01
  5.010000e-01   9.425839e-01
  5.030000e-01   9.743612e-01
  5.050000e-01   9.662511e-01
  5.070000e-01   9.827884e-01
  5.090000e-01   9.661399e-01
  5.110000e-01   9.687239e-01
  5.130000e-01   9.581202e-01
  5.150000e-01   9.412392e-01
  5.170000e-01   9.199411e-01
  5.190000e-01   9.314295e-01
  5.210000e-01   9.386853e-01
  5.230000e-01   9.562248e-01
  5.250000e-01   9.740023e-01
  5.270000e-01   9.294799e-01
  5.290000e-01   9.724561e-01
  5.310000e-01   9.827205e-01
  5.330000e-01   9.467602e-01
  5.350000e-01   9.742266e-01
  5.370000e-01   9.675869e-01
  5.390000e-01   9.632744e-01
  5.410000e-01   9.515684e-01
  5.430000e-01   9.554985e-01
  5.450000e-01   9.633187e-01
  5.470000e-01   9.628530e-01
  5.490000e-01   9.653393e-01
  5.510000e-01   9.611253e-01
  5.530000e-01   9.657617e-01
  5.550000e-01   9.704876e-01
  5.570000e-01   9.547507e-01
  5.590000e-01   9.500140e-01
  5.610000e-01   9.543991e-01
  5.630000e-01   9.614573e-01
  5.650000e-01   9.606606e-01
  5.670000e-01   9.493361e-01
  5.690000e-01   9.565551e-01
  5.710000e-01   9.422150e-01
  5.730000e-01   9.610810e-01
  5.750000e-01   9.522698e-01
  5.770000e-01   9.532789e-01
  5.790000e-01   9.452137e-01
  5.810000e-01   9.482874e-01
  5.830000e-01   9.502109e-01
  5.850000e-01   9.401995e-01
  5.870000e-01   9.400479e-01
  5.890000e-01   9.094525e-01
  5.910000e-01   9.330180e-01
  5.930000e-01   9.317942e-01
  5.950000e-01   9.307006e-01
  5.970000e-01   9.296297e-01
  5.990000e-01   9.255502e-01
  6.010000e-01   9.181634e-01
  6.030000e-01   9.180577e-01
  6.050000e-01   9.225502e-01
  6.070000e-01   9.165159e-01
  6.090000e-01   9.104372e-01
  6.110000e-01   9.060246e-01
  6.130000e-01   8.878304e-01
  6.150000e-01   8.964788e-01
  6.170000e-01   8.846062e-01
  6.190000e-01   8.952823e-01
  6.210000e-01   8.935729e-01
  6.230000e-01   8.831816e-01
  6.250000e-01   8.703822e-01
  6.270000e-01   8.848303e-01
  6.290000e-01   8.825107e-01
  6.310000e-01   8.715253e-01
  6.330000e-01   8.736953e-01
  6.350000e-01   8.756086e-01
  6.370000e-01   8.730116e-01
  6.390000e-01   8.696610e-01
  6.410000e-01   8.579263e-01
  6.430000e-01   8.586180e-01
  6.450000e-01   8.572155e-01
  6.470000e-01   8.535127e-01
  6.490000e-01   8.420735e-01
  6.510000e-01   8.506874e-01
  6.530000e-01   8.495129e-01
  6.550000e-01   8.237587e-01
  6.570000e-01   7.431902e-01
  6.590000e-01   8.317446e-01
  6.610000e-01   8.386292e-01
  6.630000e-01   8.386292e-01
  6.650000e-01   8.352183e-01
  6.670000e-01   8.290104e-01
  6.690000e-01   8.336428e-01
  6.710000e-01   8.257527e-01
  6.730000e-01   8.275038e-01
  6.750000e-01   8.217505e-01
  6.770000e-01   8.205027e-01
  6.790000e-01   8.175607e-01
  6.810000e-01   8.142542e-01
  6.830000e-01   8.135608e-01
  6.850000e-01   8.062505e-01
  6.870000e-01   8.057494e-01
  6.890000e-01   8.058607e-01
  6.910000e-01   8.011983e-01
  6.930000e-01   7.990059e-01
  6.950000e-01   7.939808e-01
  6.970000e-01   7.933960e-01
  6.990000e-01   7.895325e-01
  7.010000e-01   7.830149e-01
  7.030000e-01   7.837725e-01
  7.050000e-01   7.823300e-01
  7.070000e-01   7.779291e-01
  7.090000e-01   7.751754e-01
  7.110000e-01   7.731433e-01
  7.130000e-01   7.669552e-01
  7.150000e-01   7.641348e-01
  7.170000e-01   7.642932e-01
  7.190000e-01   7.543450e-01
  7.210000e-01   7.549879e-01
  7.230000e-01   7.565715e-01
  7.250000e-01   7.548315e-01
  7.270000e-01   7.521942e-01
  7.290000e-01   7.446805e-01
  7.310000e-01   7.449206e-01
  7.330000e-01   7.424548e-01
  7.350000e-01   7.412249e-01
  7.370000e-01   7.406448e-01
  7.390000e-01   7.338039e-01
  7.410000e-01   7.239190e-01
  7.430000e-01   7.288363e-01
  7.450000e-01   7.278636e-01
  7.470000e-01   7.263066e-01
  7.490000e-01   7.222873e-01
  7.510000e-01   7.198301e-01
  7.530000e-01   7.190846e-01
  7.550000e-01   7.183565e-01
  7.570000e-01   7.142496e-01
  7.590000e-01   7.108861e-01
  7.610000e-01   7.090878e-01
  7.630000e-01   7.074243e-01
  7.650000e-01   7.055861e-01
  7.670000e-01   6.957769e-01
  7.690000e-01   7.010516e-01
  7.710000e-01   6.925482e-01
  7.730000e-01   6.936973e-01
  7.750000e-01   6.890647e-01
  7.770000e-01   6.909236e-01
  7.790000e-01   6.877966e-01
  7.810000e-01   6.869419e-01
  7.830000e-01   6.815222e-01
  7.850000e-01   6.792349e-01
  7.870000e-01   6.793444e-01
  7.890000e-01   6.753828e-01
  7.910000e-01   6.699000e-01
  7.930000e-01   6.649669e-01
  7.950000e-01   6.621860e-01
  7.970000e-01   6.657022e-01
  7.990000e-01   6.632236e-01
  8.010000e-01   6.580971e-01
  8.030000e-01   6.577941e-01
  8.050000e-01   6.529200e-01
  8.070000e-01   6.530103e-01
  8.090000e-01   6.473662e-01
  8.110000e-01   6.475302e-01
  8.130000e-01   6.462492e-01
  8.150000e-01   6.438875e-01
  8.170000e-01   6.415936e-01
  8.190000e-01   6.330675e-01
  8.210000e-01   6.335049e-01
  8.230000e-01   6.305942e-01
  8.250000e-01   6.313352e-01
  8.270000e-01   6.312480e-01
  8.290000e-01   6.283043e-01
  8.310000e-01   6.232324e-01
  8.330000e-01   6.162544e-01
  8.350000e-01   6.196408e-01
  8.370000e-01   6.173764e-01
  8.390000e-01   6.077850e-01
  8.410000e-01   6.131546e-01
  8.430000e-01   6.075472e-01
  8.450000e-01   6.092142e-01
  8.470000e-01   6.025180e-01
  8.490000e-01   6.018385e-01
  8.510000e-01   5.801630e-01
  8.530000e-01   5.978469e-01
  8.550000e-01   5.407294e-01
  8.570000e-01   5.993631e-01
  8.590000e-01   5.930619e-01
  8.610000e-01   5.887216e-01
  8.630000e-01   5.924068e-01
  8.650000e-01   5.885997e-01
  8.670000e-01   5.357350e-01
  8.690000e-01   5.789753e-01
  8.710000e-01   5.840096e-01
  8.730000e-01   5.822641e-01
  8.750000e-01   5.697181e-01
  8.770000e-01   5.782957e-01
  8.790000e-01   5.760365e-01
  8.810000e-01   5.693116e-01
  8.830000e-01   5.682638e-01
  8.850000e-01   5.676100e-01
  8.870000e-01   5.560963e-01
  8.890000e-01   5.669307e-01
  8.910000e-01   5.655617e-01
  8.930000e-01   5.616038e-01
  8.950000e-01   5.588175e-01
  8.970000e-01   5.582902e-01
  8.990000e-01   5.568907e-01
  9.010000e-01   5.387410e-01
  9.030000e-01   5.499333e-01
  9.050000e-01   5.522300e-01
  9.070000e-01   5.476587e-01
  9.090000e-01   5.393119e-01
  9.110000e-01   5.428002e-01
  9.130000e-01   5.426877e-01
  9.150000e-01   5.414022e-01
  9.170000e-01   5.395230e-01
  9.190000e-01   5.385549e-01
  9.210000e-01   5.325373e-01
  9.230000e-01   5.213507e-01
  9.250000e-01   5.279101e-01
  9.270000e-01   5.288591e-01
  9.290000e-01   5.278251e-01
  9.310000e-01   5.269629e-01
  9.330000e-01   5.246866e-01
  9.350000e-01   5.221316e-01
  9.370000e-01   5.185492e-01
  9.390000e-01   5.189434e-01
  9.410000e-01   5.109989e-01
  9.430000e-01   5.150982e-01
  9.450000e-01   5.117643e-01
  9.470000e-01   5.119411e-01
  9.490000e-01   5.101995e-01
  9.510000e-01   5.080658e-01
  9.530000e-01   5.051380e-01
  9.550000e-01   4.915979e-01
  9.570000e-01   5.005875e-01
  9.590000e-01   5.010026e-01
  9.610000e-01   4.978746e-01
  9.630000e-01   4.955643e-01
  9.650000e-01   4.921868e-01
  9.670000e-01   4.904898e-01
  9.690000e-01   4.914168e-01
  9.710000e-01   4.889000e-01
  9.730000e-01   4.872928e-01
  9.750000e-01   4.844400e-01
  9.770000e-01   4.837600e-01
  9.790000e-01   4.809390e-01
  9.810000e-01   4.812049e-01
  9.830000e-01   4.797887e-01
  9.850000e-01   4.781564e-01
  9.870000e-01   4.754666e-01
  9.890000e-01   4.736418e-01
  9.910000e-01   4.724110e-01
  9.930000e-01   4.712702e-01
  9.950000e-01   4.698076e-01
  9.970000e-01   4.683063e-01
  9.990000e-01   4.664767e-01
  1.002500e+00   4.618915e-01
  1.007500e+00   4.547158e-01
  1.012500e+00   4.545901e-01
  1.017500e+00   4.499560e-01
  1.022500e+00   4.463854e-01
  1.027500e+00   4.434350e-01
  1.032500e+00   4.374818e-01
  1.037500e+00   4.341102e-01
  1.042500e+00   4.316184e-01
  1.047500e+00   4.266385e-01
  1.052500e+00   4.241115e-01
  1.057500e+00   4.197686e-01
  1.062500e+00   4.152312e-01
  1.067500e+00   4.096283e-01
  1.072500e+00   4.081784e-01
  1.077500e+00   4.034874e-01
  1.082500e+00   3.988045e-01
  1.087500e+00   3.966341e-01
  1.092500e+00   3.896099e-01
  1.097500e+00   3.895920e-01
  1.102500e+00   3.883918e-01
  1.107500e+00   3.854784e-01
  1.112500e+00   3.816190e-01
  1.117500e+00   3.779114e-01
  1.122500e+00   3.755865e-01
  1.127500e+00   3.708173e-01
  1.132500e+00   3.683918e-01
  1.137500e+00   3.650060e-01
  1.142500e+00   3.605454e-01
  1.147500e+00   3.598653e-01
  1.152500e+00   3.568453e-01
  1.157500e+00   3.533947e-01
  1.162500e+00   3.480407e-01
  1.167500e+00   3.465692e-01
  1.172500e+00   3.451676e-01
  1.177500e+00   3.403690e-01
  1.182500e+00   3.373961e-01
  1.187500e+00   3.333189e-01
  1.192500e+00   3.337951e-01
  1.197500e+00   3.272729e-01
  1.202500e+00   3.271824e-01
  1.207500e+00   3.236533e-01
  1.212500e+00   3.223963e-01
  1.217500e+00   3.203760e-01
  1.222500e+00   3.177167e-01
  1.227500e+00   3.145864e-01
  1.232500e+00   3.125072e-01
  1.237500e+00   3.098489e-01
  1.242500e+00   3.073831e-01
  1.247500e+00   3.051266e-01
  1.252500e+00   3.024963e-01
  1.257500e+00   3.000751e-01
  1.262500e+00   2.975774e-01
  1.267500e+00   2.951753e-01
  1.272500e+00   2.930826e-01
  1.277500e+00   2.905360e-01
  1.282500e+00   2.811836e-01
  1.287500e+00   2.857459e-01
  1.292500e+00   2.836351e-01
  1.297500e+00   2.819227e-01
  1.302500e+00   2.794988e-01
  1.307500e+00   2.775876e-01
  1.312500e+00   2.746503e-01
  1.317500e+00   2.724144e-01
  1.322500e+00   2.712751e-01
  1.327500e+00   2.682749e-01
  1.332500e+00   2.669132e-01
  1.337500e+00   2.647951e-01
  1.342500e+00   2.634086e-01
  1.347500e+00   2.613786e-01
  1.352500e+00   2.594837e-01
  1.357500e+00   2.568680e-01
  1.362500e+00   2.549177e-01
  1.367500e+00   2.535596e-01
  1.372500e+00   2.516981e-01
  1.377500e+00   2.500000e-01
  1.382500e+00   2.482847e-01
  1.387500e+00   2.462238e-01
  1.392500e+00   2.449402e-01
  1.397500e+00   2.433100e-01
  1.402500e+00   2.409517e-01
  1.407500e+00   2.399164e-01
  1.412500e+00   2.377169e-01
  1.417500e+00   2.367064e-01
  1.422500e+00   2.340561e-01
  1.427500e+00   2.321454e-01
  1.432500e+00   2.316434e-01
  1.437500e+00   2.304677e-01
  1.442500e+00   2.269133e-01
  1.447500e+00   2.273788e-01
  1.452500e+00   2.244916e-01
  1.457000e+00   2.237278e-01
  1.462000e+00   2.228948e-01
  1.467500e+00   2.214012e-01
  1.472500e+00   2.191139e-01
  1.477500e+00   2.180269e-01
  1.482500e+00   2.167604e-01
  1.487500e+00   2.139095e-01
  1.492500e+00   2.143236e-01
  1.497500e+00   2.124271e-01
  1.502500e+00   2.092956e-01
  1.507500e+00   2.081086e-01
  1.512500e+00   2.085931e-01
  1.517500e+00   2.073576e-01
  1.522500e+00   2.059207e-01
  1.527500e+00   2.043243e-01
  1.532500e+00   2.029878e-01
  1.537500e+00   2.024604e-01
  1.542500e+00   2.003595e-01
  1.547500e+00   2.003365e-01
  1.552500e+00   1.987971e-01
  1.557500e+00   1.953979e-01
  1.562500e+00   1.968566e-01
  1.567500e+00   1.943345e-01
  1.572500e+00   1.916108e-01
  1.577500e+00   1.909458e-01
  1.582500e+00   1.909150e-01
  1.587500e+00   1.851314e-01
  1.592500e+00   1.886036e-01
  1.597500e+00   1.875988e-01
  1.605000e+00   1.853446e-01
  1.615000e+00   1.808215e-01
  1.625000e+00   1.804928e-01
  1.635000e+00   1.769294e-01
  1.645000e+00   1.712025e-01
  1.655000e+00   1.710252e-01
  1.665000e+00   1.673825e-01
  1.675000e+00   1.633503e-01
  1.685000e+00   1.580666e-01
  1.695000e+00   1.580629e-01
  1.705000e+00   1.544507e-01
  1.715000e+00   1.516492e-01
  1.725000e+00   1.484875e-01
  1.735000e+00   1.427381e-01
  1.745000e+00   1.426954e-01
  1.755000e+00   1.403525e-01
  1.765000e+00   1.377019e-01
  1.775000e+00   1.351108e-01
  1.785000e+00   1.326936e-01
  1.795000e+00   1.302537e-01
  1.805000e+00   1.277056e-01
  1.815000e+00   1.230694e-01
  1.825000e+00   1.226789e-01
  1.835000e+00   1.208398e-01
  1.845000e+00   1.183586e-01
  1.855000e+00   1.165118e-01
  1.865000e+00   1.141300e-01
  1.875000e+00   1.088930e-01
  1.885000e+00   1.102097e-01
  1.895000e+00   1.077556e-01
  1.905000e+00   1.065590e-01
  1.915000e+00   1.046092e-01
  1.925000e+00   1.028632e-01
  1.935000e+00   1.007767e-01
  1.945000e+00   9.704206e-02
  1.955000e+00   9.741145e-02
  1.965000e+00   9.586940e-02
  1.975000e+00   9.399397e-02
  1.985000e+00   9.260405e-02
  1.995000e+00   9.109405e-02
  2.005000e+00   8.975941e-02
  2.015000e+00   8.830799e-02
  2.025000e+00   8.668621e-02
  2.035000e+00   8.514321e-02
  2.045000e+00   8.401755e-02
  2.055000e+00   8.261331e-02
  2.065000e+00   8.110358e-02
  2.075000e+00   7.988036e-02
  2.085000e+00   7.864118e-02
  2.095000e+00   7.721648e-02
  2.105000e+00   7.616931e-02
  2.115000e+00   7.492211e-02
  2.125000e+00   7.372928e-02
  2.135000e+00   7.261227e-02
  2.145000e+00   7.148913e-02
  2.155000e+00   7.033638e-02
  2.165000e+00   6.793288e-02
  2.175000e+00   6.803776e-02
  2.185000e+00   6.700543e-02
  2.195000e+00   6.608608e-02
  2.205000e+00   6.488137e-02
  2.215000e+00   6.405898e-02
  2.225000e+00   6.302459e-02
  2.235000e+00   6.208976e-02
  2.245000e+00   6.116740e-02
  2.255000e+00   6.021851e-02
  2.265000e+00   5.931711e-02
  2.275000e+00   5.845478e-02
  2.285000e+00   5.755592e-02
  2.295000e+00   5.494776e-02
  2.305000e+00   5.509980e-02
  2.315000e+00   5.441768e-02
  2.325000e+00   5.191585e-02
  2.335000e+00   5.227211e-02
  2.345000e+00   5.184060e-02
  2.355000e+00   4.942310e-02
  2.365000e+00   4.983908e-02
  2.375000e+00   4.941969e-02
  2.385000e+00   4.727374e-02
  2.395000e+00   4.752148e-02
  2.405000e+00   4.718783e-02
  2.415000e+00   4.546215e-02
  2.425000e+00   4.551243e-02
  2.435000e+00   4.508582e-02
  2.445000e+00   4.388539e-02
  2.455000e+00   4.340602e-02
  2.465000e+00   4.330121e-02
  2.475000e+00   4.238088e-02
  2.485000e+00   4.154703e-02
  2.495000e+00   4.136471e-02
  2.505000e+00   4.117181e-02
  2.515000e+00   3.997698e-02
  2.525000e+00   3.971458e-02
  2.535000e+00   3.942394e-02
  2.545000e+00   3.873557e-02
  2.555000e+00   3.824107e-02
  2.565000e+00   3.766691e-02
  2.575000e+00   3.743605e-02
  2.585000e+00   3.662014e-02
  2.595000e+00   3.637810e-02
  2.605000e+00   3.593271e-02
  2.615000e+00   3.524601e-02
  2.625000e+00   3.439616e-02
  2.635000e+00   3.454300e-02
  2.645000e+00   3.415152e-02
  2.655000e+00   3.365891e-02
  2.665000e+00   3.308491e-02
  2.675000e+00   3.271147e-02
  2.685000e+00   3.247581e-02
  2.695000e+00   3.202654e-02
  2.705000e+00   3.165337e-02
  2.715000e+00   3.126007e-02
  2.725000e+00   3.088802e-02
  2.735000e+00   3.045019e-02
  2.745000e+00   3.009539e-02
  2.755000e+00   2.953793e-02
  2.765000e+00   2.929949e-02
  2.775000e+00   2.896476e-02
  2.785000e+00   2.861080e-02
  2.795000e+00   2.829307e-02
  2.805000e+00   2.792158e-02
  2.815000e+00   2.756005e-02
  2.825000e+00   2.721761e-02
  2.835000e+00   2.689490e-02
  2.845000e+00   2.654606e-02
  2.855000e+00   2.621682e-02
  2.865000e+00   2.586664e-02
  2.875000e+00   2.533670e-02
  2.885000e+00   2.524701e-02
  2.895000e+00   2.494710e-02
  2.905000e+00   2.463202e-02
  2.915000e+00   2.433380e-02
  2.925000e+00   2.401652e-02
  2.935000e+00   2.374816e-02
  2.945000e+00   2.343311e-02
  2.955000e+00   2.315581e-02
  2.965000e+00   2.287863e-02
  2.975000e+00   2.260060e-02
  2.985000e+00   2.232595e-02
  2.995000e+00   2.205566e-02
  3.005000e+00   2.178663e-02
  3.015000e+00   2.153079e-02
  3.025000e+00   2.126425e-02
  3.035000e+00   2.081997e-02
  3.045000e+00   2.070952e-02
  3.055000e+00   2.050359e-02
  3.065000e+00   2.025723e-02
  3.075000e+00   2.002534e-02
  3.085000e+00   1.977971e-02
  3.095000e+00   1.954609e-02
  3.105000e+00   1.932057e-02
  3.115000e+00   1.904320e-02
  3.125000e+00   1.886123e-02
  3.135000e+00   1.864404e-02
  3.145000e+00   1.842341e-02
  3.155000e+00   1.818821e-02
  3.165000e+00   1.799534e-02
  3.175000e+00   1.779017e-02
  3.185000e+00   1.758612e-02
  3.195000e+00   1.738521e-02
  3.210000e+00   1.708166e-02
  3.230000e+00   1.669437e-02
  3.250000e+00   1.631323e-02
  3.270000e+00   1.594373e-02
  3.290000e+00   1.548817e-02
  3.310000e+00   1.522474e-02
  3.330000e+00   1.488573e-02
  3.350000e+00   1.456633e-02
  3.370000e+00   1.424131e-02
  3.390000e+00   1.391970e-02
  3.410000e+00   1.361695e-02
  3.430000e+00   1.333552e-02
  3.450000e+00   1.304548e-02
  3.470000e+00   1.276351e-02
  3.490000e+00   1.249022e-02
  3.510000e+00   1.222644e-02
  3.530000e+00   1.196052e-02
  3.550000e+00   1.171251e-02
  3.570000e+00   1.146305e-02
  3.590000e+00   1.122277e-02
  3.610000e+00   1.099107e-02
  3.630000e+00   1.076936e-02
  3.650000e+00   1.053610e-02
  3.670000e+00   1.032191e-02
  3.690000e+00   1.009857e-02
  3.710000e+00   9.901477e-03
  3.730000e+00   9.694379e-03
  3.750000e+00   9.453878e-03
  3.770000e+00   9.324166e-03
  3.790000e+00   9.140080e-03
  3.810000e+00   8.955297e-03
  3.830000e+00   8.782537e-03
  3.850000e+00   8.615689e-03
  3.870000e+00   8.444812e-03
  3.890000e+00   8.280375e-03
  3.910000e+00   8.113346e-03
  3.930000e+00   7.966912e-03
  3.950000e+00   7.812320e-03
  3.970000e+00   7.664962e-03
  3.990000e+00   7.511039e-03
  4.010000e+00   7.370721e-03
  4.030000e+00   7.231527e-03
  4.050000e+00   7.056836e-03
  4.070000e+00   6.970276e-03
  4.090000e+00   6.843055e-03
  4.110000e+00   6.716608e-03
  4.130000e+00   6.594016e-03
  4.150000e+00   6.472916e-03
  4.170000e+00   6.343661e-03
  4.190000e+00   6.239072e-03
  4.210000e+00   6.118007e-03
  4.230000e+00   6.019633e-03
  4.250000e+00   5.907313e-03
  4.270000e+00   5.805906e-03
  4.290000e+00   5.598994e-03
  4.310000e+00   5.427002e-03
  4.330000e+00   5.388898e-03
  4.350000e+00   5.183702e-03
  4.370000e+00   5.075280e-03
  4.390000e+00   5.006221e-03
  4.410000e+00   4.814487e-03
  4.430000e+00   4.764090e-03
  4.450000e+00   4.674122e-03
  4.470000e+00   4.509621e-03
  4.490000e+00   4.499145e-03
  4.510000e+00   4.401391e-03
  4.530000e+00   4.270316e-03
  4.550000e+00   4.239259e-03
  4.570000e+00   4.185911e-03
  4.590000e+00   4.050140e-03
  4.610000e+00   4.036640e-03
  4.630000e+00   3.959862e-03
  4.650000e+00   3.895382e-03
  4.670000e+00   3.848575e-03
  4.690000e+00   3.794722e-03
  4.710000e+00   3.727949e-03
  4.730000e+00   3.705527e-03
  4.750000e+00   3.631366e-03
  4.770000e+00   3.578821e-03
  4.790000e+00   3.530287e-03
  4.810000e+00   3.454856e-03
  4.830000e+00   3.438824e-03
  4.850000e+00   3.378392e-03
  4.870000e+00   3.314591e-03
  4.890000e+00   3.272653e-03
  4.910000e+00   3.221291e-03
  4.930000e+00   3.172123e-03
  4.950000e+00   3.123777e-03
  4.970000e+00   3.081697e-03
  4.990000e+00   3.038715e-03
  5.010000e+00   2.999715e-03
  5.030000e+00   2.955561e-03
  5.050000e+00   2.894743e-03
  5.070000e+00   2.859433e-03
  5.090000e+00   2.826311e-03
  5.110000e+00   2.774789e-03
  5.130000e+00   2.733506e-03
  5.150000e+00   2.698361e-03
  5.170000e+00   2.678120e-03
  5.190000e+00   2.625186e-03
  5.210000e+00   2.588511e-03
  5.230000e+00   2.551291e-03
  5.250000e+00   2.523771e-03
  5.270000e+00   2.498791e-03
  5.290000e+00   2.444781e-03
  5.310000e+00   2.414794e-03
  5.330000e+00   2.384295e-03
  5.350000e+00   2.353369e-03
  5.370000e+00   2.323379e-03
  5.390000e+00   2.293665e-03
  5.410000e+00   2.261309e-03
  5.430000e+00   2.222542e-03
  5.450000e+00   2.202419e-03
  5.470000e+00   2.170701e-03
  5.490000e+00   2.139883e-03
  5.510000e+00   2.112662e-03
  5.530000e+00   2.097877e-03
  5.550000e+00   2.053336e-03
  5.570000e+00   2.040093e-03
  5.590000e+00   2.006180e-03
  5.610000e+00   1.982485e-03
  5.630000e+00   1.952046e-03
  5.650000e+00   1.933882e-03
  5.670000e+00   1.908007e-03
  5.690000e+00   1.876593e-03
  5.710000e+00   1.860244e-03
  5.730000e+00   1.835101e-03
  5.750000e+00   1.811841e-03
  5.770000e+00   1.786940e-03
  5.790000e+00   1.768602e-03
  5.810000e+00   1.742328e-03
  5.830000e+00   1.721076e-03
  5.850000e+00   1.700787e-03
  5.870000e+00   1.676370e-03
  5.890000e+00   1.655999e-03
  5.910000e+00   1.631549e-03
  5.930000e+00   1.615735e-03
  5.950000e+00   1.594373e-03
  5.970000e+00   1.576740e-03
  5.990000e+00   1.556897e-03
  6.010000e+00   1.537907e-03
  6.030000e+00   1.518413e-03
  6.050000e+00   1.497304e-03
  6.070000e+00   1.479211e-03
  6.090000e+00   1.461470e-03
  6.110000e+00   1.441783e-03
  6.130000e+00   1.425509e-03
  6.150000e+00   1.408413e-03
  6.170000e+00   1.392323e-03
  6.190000e+00   1.375498e-03
  6.210000e+00   1.359221e-03
  6.230000e+00   1.341591e-03
  6.250000e+00   1.324220e-03
  6.270000e+00   1.308639e-03
  6.290000e+00   1.292975e-03
  6.310000e+00   1.277262e-03
  6.330000e+00   1.263485e-03
  6.350000e+00   1.247010e-03
  6.370000e+00   1.233786e-03
  6.390000e+00   1.217054e-03
  6.420000e+00   1.196410e-03
  6.460000e+00   1.167750e-03
  6.500000e+00   1.140722e-03
  6.540000e+00   1.113858e-03
  6.580000e+00   1.088504e-03
  6.620000e+00   1.062919e-03
  6.660000e+00   1.038532e-03
  6.700000e+00   1.015033e-03
  6.740000e+00   9.916080e-04
  6.780000e+00   9.691031e-04
  6.820000e+00   9.472181e-04
  6.860000e+00   9.260832e-04
  6.900000e+00   9.052531e-04
  6.940000e+00   8.850545e-04
  6.980000e+00   8.655856e-04
  7.020000e+00   8.463500e-04
  7.060000e+00   8.279231e-04
  7.100000e+00   8.097669e-04
  7.140000e+00   7.922641e-04
  7.180000e+00   7.751576e-04
  7.220000e+00   7.585252e-04
  7.260000e+00   7.421129e-04
  7.300000e+00   7.264404e-04
  7.340000e+00   7.110007e-04
  7.380000e+00   6.961615e-04
  7.420000e+00   6.814908e-04
  7.460000e+00   6.658249e-04
  7.500000e+00   6.524692e-04
  7.540000e+00   6.400442e-04
  7.580000e+00   6.270036e-04
  7.620000e+00   6.141578e-04
  7.660000e+00   6.017277e-04
  7.700000e+00   5.895084e-04
  7.740000e+00   5.776835e-04
  7.780000e+00   5.661871e-04
  7.820000e+00   5.548045e-04
  7.860000e+00   5.437760e-04
  7.900000e+00   5.330525e-04
  7.940000e+00   5.225766e-04
  7.980000e+00   5.123774e-04
  8.020000e+00   5.023426e-04
  8.060000e+00   4.926857e-04
  8.100000e+00   4.832257e-04
  8.140000e+00   4.739036e-04
  8.180000e+00   4.649433e-04
  8.220000e+00   4.561209e-04
  8.260000e+00   4.475381e-04
  8.300000e+00   4.391370e-04
  8.340000e+00   4.308340e-04
  8.380000e+00   4.228730e-04
  8.420000e+00   4.150687e-04
  8.460000e+00   4.073709e-04
  8.500000e+00   3.998803e-04
  8.540000e+00   3.925184e-04
  8.580000e+00   3.853807e-04
  8.620000e+00   3.784426e-04
  8.660000e+00   3.715695e-04
  8.700000e+00   3.649556e-04
  8.740000e+00   3.583851e-04
  8.780000e+00   3.520222e-04
  8.820000e+00   3.457562e-04
  8.860000e+00   3.396331e-04
  8.900000e+00   3.336799e-04
  8.940000e+00   3.278687e-04
  8.980000e+00   3.220995e-04
  9.020000e+00   3.165337e-04
  9.060000e+00   3.111286e-04
  9.100000e+00   3.057454e-04
  9.140000e+00   3.005592e-04
  9.180000e+00   2.954269e-04
  9.220000e+00   2.904357e-04
  9.260000e+00   2.855617e-04
  9.300000e+00   2.807243e-04
  9.340000e+00   2.759942e-04
  9.380000e+00   2.713938e-04
  9.420000e+00   2.668763e-04
  9.460000e+00   2.624521e-04
  9.500000e+00   2.581428e-04
  9.540000e+00   2.539160e-04
  9.580000e+00   2.497411e-04
  9.620000e+00   2.456462e-04
  9.660000e+00   2.417074e-04
  9.700000e+00   2.378099e-04
  9.740000e+00   2.339053e-04
  9.780000e+00   2.301919e-04
  9.820000e+00   2.265322e-04
  9.860000e+00   2.229256e-04
  9.900000e+00   2.194169e-04
  9.940000e+00   2.159434e-04
  9.980000e+00   2.125544e-04
  1.002000e+01   2.092185e-04
  2.000000e+01   1.357469e-05
  4.000000e+01   8.576696e-07
  6.000000e+01   1.692817e-07
  8.000000e+01   5.340230e-08
  1.000000e+02   2.178863e-08
  1.200000e+02   1.046767e-08
  1.400000e+02   5.629632e-09
  1.600000e+02   3.287078e-09
