# Starburst99 instantaneous SSP (Padova, Z=0.02), t=1.000e+07 yr (~10 Myr) -- young population
# lambda[um]   L_lambda[arb, shape only; normalized to unit peak]
  9.100000e-03   2.237742e-26
  9.400000e-03   1.053683e-25
  9.600000e-03   4.671754e-25
  9.800000e-03   1.107032e-24
  1.000000e-02   3.003378e-24
  1.020000e-02   1.018498e-23
  1.040000e-02   2.436969e-23
  1.060000e-02   5.678322e-23
  1.080000e-02   1.480983e-22
  1.100000e-02   4.869115e-22
  1.140000e-02   2.151989e-21
  1.180000e-02   9.504516e-21
  1.210000e-02   3.504209e-20
  1.250000e-02   1.189050e-19
  1.270000e-02   2.594239e-19
  1.280000e-02   3.992914e-19
  1.310000e-02   7.717915e-19
  1.320000e-02   1.414588e-18
  1.340000e-02   2.217328e-18
  1.370000e-02   4.920169e-18
  1.400000e-02   1.230410e-17
  1.430000e-02   3.228197e-17
  1.470000e-02   8.932643e-17
  1.510000e-02   2.299959e-16
  1.550000e-02   6.266572e-16
  1.590000e-02   1.426790e-15
  1.620000e-02   2.887753e-15
  1.660000e-02   6.661929e-15
  1.700000e-02   1.593933e-14
  1.730000e-02   2.910382e-14
  1.770000e-02   5.472301e-14
  1.800000e-02   1.018380e-13
  1.820000e-02   1.320779e-13
  1.860000e-02   2.826441e-13
  1.910000e-02   6.317860e-13
  1.940000e-02   9.985964e-13
  1.980000e-02   1.996135e-12
  2.020000e-02   3.272879e-12
  2.050000e-02   5.177856e-12
  2.100000e-02   1.107108e-11
  2.160000e-02   2.320652e-11
  2.200000e-02   3.629777e-11
  2.230000e-02   5.366486e-11
  2.270000e-02   8.380887e-11
  2.300000e-02   1.360066e-07
  2.340000e-02   7.715072e-07
  2.400000e-02   1.622221e-06
  2.460000e-02   3.186251e-06
  2.520000e-02   4.788395e-06
  2.570000e-02   2.827223e-06
  2.600000e-02   9.147028e-06
  2.640000e-02   4.738927e-05
  2.690000e-02   6.156870e-05
  2.740000e-02   5.983703e-05
  2.790000e-02   4.652539e-05
  2.840000e-02   8.449480e-05
  2.900000e-02   9.459975e-05
  2.960000e-02   7.736419e-05
  3.010000e-02   4.359935e-05
  3.080000e-02   1.276174e-04
  3.180000e-02   3.161258e-04
  3.280000e-02   3.268436e-04
  3.380000e-02   4.649647e-04
  3.480000e-02   5.770454e-04
  3.570000e-02   7.079132e-04
  3.660000e-02   8.924009e-04
  3.750000e-02   1.123389e-03
  3.850000e-02   1.209985e-03
  3.950000e-02   1.508551e-03
  4.050000e-02   1.844378e-03
  4.140000e-02   2.196443e-03
  4.220000e-02   2.404529e-03
  4.300000e-02   2.632267e-03
  4.410000e-02   3.225002e-03
  4.510000e-02   3.807238e-03
  4.600000e-02   4.179266e-03
  4.700000e-02   4.781344e-03
  4.800000e-02   5.486432e-03
  4.900000e-02   5.879224e-03
  5.000000e-02   6.913373e-03
  5.060000e-02   2.521912e-02
  5.120000e-02   7.597138e-02
  5.200000e-02   7.291720e-02
  5.300000e-02   7.054724e-02
  5.400000e-02   5.807109e-02
  5.500000e-02   7.086634e-02
  5.600000e-02   7.882065e-02
  5.700000e-02   8.196718e-02
  5.800000e-02   7.025868e-02
  5.900000e-02   8.095804e-02
  6.000000e-02   8.016411e-02
  6.100000e-02   8.042295e-02
  6.200000e-02   8.752256e-02
  6.300000e-02   8.695008e-02
  6.400000e-02   8.742990e-02
  6.500000e-02   8.407560e-02
  6.580000e-02   8.319553e-02
  6.650000e-02   8.661438e-02
  6.750000e-02   9.093268e-02
  6.850000e-02   8.359687e-02
  6.950000e-02   8.674811e-02
  7.050000e-02   8.763145e-02
  7.160000e-02   9.531473e-02
  7.260000e-02   9.517218e-02
  7.350000e-02   9.655172e-02
  7.450000e-02   9.593565e-02
  7.550000e-02   9.628087e-02
  7.650000e-02   1.021668e-01
  7.750000e-02   9.687685e-02
  7.850000e-02   9.193905e-02
  7.950000e-02   9.894184e-02
  8.050000e-02   9.879160e-02
  8.150000e-02   9.894184e-02
  8.250000e-02   1.008811e-01
  8.350000e-02   8.965613e-02
  8.450000e-02   1.008904e-01
  8.550000e-02   9.813411e-02
  8.650000e-02   1.023411e-01
  8.750000e-02   1.026408e-01
  8.850000e-02   1.031644e-01
  8.950000e-02   1.036573e-01
  9.050000e-02   1.028111e-01
  9.150000e-02   1.921808e-01
  9.250000e-02   4.285485e-01
  9.350000e-02   6.010492e-01
  9.450000e-02   8.089469e-01
  9.550000e-02   8.917847e-01
  9.650000e-02   1.000000e+00
  9.750000e-02   5.520139e-01
  9.850000e-02   9.454749e-01
  9.950000e-02   8.902869e-01
  1.005000e-01   9.350611e-01
  1.015000e-01   9.067342e-01
  1.025000e-01   6.293468e-01
  1.035000e-01   8.409497e-01
  1.045000e-01   9.393339e-01
  1.055000e-01   9.140080e-01
  1.065000e-01   8.471689e-01
  1.075000e-01   8.475006e-01
  1.085000e-01   7.992635e-01
  1.095000e-01   8.462331e-01
  1.105000e-01   8.121757e-01
  1.115000e-01   7.986748e-01
  1.125000e-01   7.116394e-01
  1.135000e-01   7.754789e-01
  1.145000e-01   7.430876e-01
  1.155000e-01   7.214064e-01
  1.165000e-01   7.178604e-01
  1.175000e-01   5.937450e-01
  1.185000e-01   6.841637e-01
  1.195000e-01   6.554054e-01
  1.205000e-01   5.968016e-01
  1.215000e-01   4.374012e-01
  1.225000e-01   5.986735e-01
  1.235000e-01   6.288542e-01
  1.245000e-01   6.181018e-01
  1.255000e-01   6.095088e-01
  1.265000e-01   6.008970e-01
  1.275000e-01   5.991009e-01
  1.285000e-01   5.878818e-01
  1.295000e-01   5.536177e-01
  1.305000e-01   5.524081e-01
  1.315000e-01   5.582902e-01
  1.325000e-01   5.407170e-01
  1.335000e-01   5.245296e-01
  1.345000e-01   5.208708e-01
  1.355000e-01   5.171422e-01
  1.365000e-01   5.018917e-01
  1.375000e-01   4.928673e-01
  1.385000e-01   4.845404e-01
  1.395000e-01   4.356523e-01
  1.405000e-01   4.284992e-01
  1.415000e-01   4.579310e-01
  1.425000e-01   4.402506e-01
  1.435000e-01   4.420588e-01
  1.442000e-01   4.398656e-01
  1.447000e-01   4.347104e-01
  1.455000e-01   4.261574e-01
  1.465000e-01   4.170230e-01
  1.475000e-01   4.100908e-01
  1.485000e-01   4.046877e-01
  1.495000e-01   3.963784e-01
  1.505000e-01   3.864649e-01
  1.512000e-01   3.764957e-01
  1.517000e-01   3.757682e-01
  1.525000e-01   3.695473e-01
  1.535000e-01   3.483213e-01
  1.545000e-01   3.125576e-01
  1.555000e-01   3.270168e-01
  1.565000e-01   3.266630e-01
  1.575000e-01   3.363954e-01
  1.585000e-01   3.281255e-01
  1.595000e-01   3.293745e-01
  1.605000e-01   3.163152e-01
  1.615000e-01   3.099346e-01
  1.625000e-01   3.071143e-01
  1.635000e-01   3.053936e-01
  1.645000e-01   2.959988e-01
  1.655000e-01   2.962238e-01
  1.665000e-01   2.931298e-01
  1.672000e-01   2.846427e-01
  1.677000e-01   2.934742e-01
  1.685000e-01   2.884032e-01
  1.695000e-01   2.824100e-01
  1.705000e-01   2.763122e-01
  1.715000e-01   2.689800e-01
  1.725000e-01   2.648561e-01
  1.735000e-01   2.663422e-01
  1.745000e-01   2.611079e-01
  1.755000e-01   2.579051e-01
  1.765000e-01   2.522087e-01
  1.775000e-01   2.488915e-01
  1.785000e-01   2.456801e-01
  1.795000e-01   2.428175e-01
  1.805000e-01   2.407465e-01
  1.815000e-01   2.342880e-01
  1.825000e-01   2.322523e-01
  1.835000e-01   2.291659e-01
  1.845000e-01   2.204804e-01
  1.855000e-01   2.166806e-01
  1.865000e-01   2.155411e-01
  1.875000e-01   2.147188e-01
  1.885000e-01   2.062291e-01
  1.895000e-01   2.005349e-01
  1.905000e-01   2.031655e-01
  1.915000e-01   1.973013e-01
  1.925000e-01   1.920525e-01
  1.935000e-01   1.938251e-01
  1.945000e-01   1.934016e-01
  1.955000e-01   1.850674e-01
  1.967000e-01   1.869175e-01
  1.976000e-01   1.872621e-01
  1.984000e-01   1.820246e-01
  1.995000e-01   1.774802e-01
  2.005000e-01   1.777583e-01
  2.015000e-01   1.762504e-01
  2.025000e-01   1.752710e-01
  2.035000e-01   1.702511e-01
  2.045000e-01   1.682287e-01
  2.055000e-01   1.520548e-01
  2.065000e-01   1.578229e-01
  2.074000e-01   1.651505e-01
  2.078000e-01   1.609163e-01
  2.085000e-01   1.606127e-01
  2.095000e-01   1.566823e-01
  2.105000e-01   1.565381e-01
  2.115000e-01   1.554175e-01
  2.125000e-01   1.540849e-01
  2.135000e-01   1.516736e-01
  2.145000e-01   1.486004e-01
  2.155000e-01   1.482313e-01
  2.165000e-01   1.454153e-01
  2.175000e-01   1.441086e-01
  2.185000e-01   1.417066e-01
  2.195000e-01   1.409062e-01
  2.205000e-01   1.388609e-01
  2.215000e-01   1.363735e-01
  2.225000e-01   1.347845e-01
  2.235000e-01   1.332386e-01
  2.245000e-01   1.317710e-01
  2.255000e-01   1.291011e-01
  2.265000e-01   1.284340e-01
  2.275000e-01   1.268353e-01
  2.285000e-01   1.252910e-01
  2.295000e-01   1.220029e-01
  2.305000e-01   1.213612e-01
  2.315000e-01   1.201849e-01
  2.325000e-01   1.136397e-01
  2.335000e-01   1.168503e-01
  2.345000e-01   1.153958e-01
  2.355000e-01   1.143773e-01
  2.365000e-01   1.126964e-01
  2.375000e-01   1.113525e-01
  2.385000e-01   1.089683e-01
  2.395000e-01   1.085251e-01
  2.405000e-01   1.072359e-01
  2.415000e-01   1.058790e-01
  2.425000e-01   1.049663e-01
  2.435000e-01   1.033689e-01
  2.445000e-01   1.023340e-01
  2.455000e-01   1.012139e-01
  2.465000e-01   9.987114e-02
  2.475000e-01   9.868474e-02
  2.485000e-01   9.682333e-02
  2.495000e-01   9.159041e-02
  2.505000e-01   9.459757e-02
  2.513000e-01   9.164526e-02
  2.518000e-01   9.296083e-02
  2.525000e-01   9.245917e-02
  2.535000e-01   9.139238e-02
  2.545000e-01   9.018203e-02
  2.555000e-01   8.962517e-02
  2.565000e-01   8.864822e-02
  2.575000e-01   8.789820e-02
  2.585000e-01   8.674611e-02
  2.595000e-01   8.576696e-02
  2.605000e-01   8.484964e-02
  2.615000e-01   8.389769e-02
  2.625000e-01   8.303668e-02
  2.635000e-01   8.208806e-02
  2.645000e-01   8.155113e-02
  2.655000e-01   8.064919e-02
  2.665000e-01   7.952799e-02
  2.675000e-01   7.869371e-02
  2.685000e-01   7.814478e-02
  2.695000e-01   7.679802e-02
  2.705000e-01   7.630447e-02
  2.715000e-01   7.542060e-02
  2.725000e-01   7.426086e-02
  2.735000e-01   7.337701e-02
  2.745000e-01   7.270428e-02
  2.755000e-01   7.199461e-02
  2.765000e-01   7.101826e-02
  2.775000e-01   7.075873e-02
  2.785000e-01   6.993587e-02
  2.795000e-01   6.846364e-02
  2.805000e-01   6.818361e-02
  2.815000e-01   6.780473e-02
  2.825000e-01   6.673136e-02
  2.835000e-01   6.590525e-02
  2.845000e-01   6.557979e-02
  2.855000e-01   6.488884e-02
  2.865000e-01   6.430134e-02
  2.875000e-01   6.362239e-02
  2.885000e-01   6.298252e-02
  2.895000e-01   6.234764e-02
  2.910000e-01   6.141154e-02
  2.930000e-01   6.016030e-02
  2.950000e-01   5.869215e-02
  2.970000e-01   5.780561e-02
  2.990000e-01   5.663436e-02
  3.010000e-01   5.553158e-02
  3.030000e-01   5.451048e-02
  3.050000e-01   5.347613e-02
  3.070000e-01   5.248316e-02
  3.090000e-01   5.142686e-02
  3.110000e-01   5.052659e-02
  3.130000e-01   4.955415e-02
  3.150000e-01   4.865080e-02
  3.170000e-01   4.776612e-02
  3.190000e-01   4.665412e-02
  3.210000e-01   4.594413e-02
  3.230000e-01   4.523973e-02
  3.250000e-01   4.444777e-02
  3.270000e-01   4.367370e-02
  3.290000e-01   4.289138e-02
  3.310000e-01   4.219296e-02
  3.330000e-01   4.146198e-02
  3.350000e-01   4.069022e-02
  3.370000e-01   4.006176e-02
  3.390000e-01   3.940669e-02
  3.410000e-01   3.875520e-02
  3.430000e-01   3.756211e-02
  3.450000e-01   3.700497e-02
  3.470000e-01   3.660749e-02
  3.490000e-01   3.602633e-02
  3.510000e-01   3.551976e-02
  3.530000e-01   3.495184e-02
  3.550000e-01   3.440725e-02
  3.570000e-01   3.395080e-02
  3.590000e-01   3.329661e-02
  3.610000e-01   3.280198e-02
  3.630000e-01   3.227676e-02
  3.640000e-01   3.209889e-02
  3.650000e-01   2.958694e-02
  3.670000e-01   2.895010e-02
  3.690000e-01   2.792222e-02
  3.710000e-01   2.787276e-02
  3.730000e-01   2.737222e-02
  3.750000e-01   2.866883e-02
  3.770000e-01   2.840207e-02
  3.790000e-01   2.906632e-02
  3.810000e-01   2.997782e-02
  3.830000e-01   2.723140e-02
  3.850000e-01   2.996539e-02
  3.870000e-01   2.988890e-02
  3.890000e-01   2.568384e-02
  3.910000e-01   2.924018e-02
  3.930000e-01   2.871243e-02
  3.950000e-01   2.828329e-02
  3.970000e-01   2.364123e-02
  3.990000e-01   2.706824e-02
  4.010000e-01   2.689676e-02
  4.030000e-01   2.607234e-02
  4.050000e-01   2.624098e-02
  4.070000e-01   2.568207e-02
  4.090000e-01   2.428007e-02
  4.110000e-01   2.199075e-02
  4.130000e-01   2.435679e-02
  4.150000e-01   2.414571e-02
  4.170000e-01   2.370118e-02
  4.190000e-01   2.338837e-02
  4.210000e-01   2.302608e-02
  4.230000e-01   2.270544e-02
  4.250000e-01   2.235373e-02
  4.270000e-01   2.194775e-02
  4.290000e-01   2.166756e-02
  4.310000e-01   2.124174e-02
  4.330000e-01   1.988245e-02
  4.350000e-01   1.848630e-02
  4.370000e-01   2.016508e-02
  4.390000e-01   1.976469e-02
  4.410000e-01   1.969246e-02
  4.430000e-01   1.939635e-02
  4.450000e-01   1.917079e-02
  4.470000e-01   1.845738e-02
  4.490000e-01   1.861530e-02
  4.510000e-01   1.839035e-02
  4.530000e-01   1.812592e-02
  4.550000e-01   1.783651e-02
  4.570000e-01   1.761611e-02
  4.590000e-01   1.735002e-02
  4.610000e-01   1.710330e-02
  4.630000e-01   1.684651e-02
  4.650000e-01   1.652304e-02
  4.670000e-01   1.636590e-02
  4.690000e-01   1.604871e-02
  4.710000e-01   1.575869e-02
  4.730000e-01   1.567617e-02
  4.750000e-01   1.544899e-02
  4.770000e-01   1.525457e-02
  4.790000e-01   1.503280e-02
  4.810000e-01   1.480403e-02
  4.830000e-01   1.454119e-02
  4.850000e-01   1.374675e-02
  4.870000e-01   1.259215e-02
  4.890000e-01   1.390913e-02
  4.910000e-01   1.379812e-02
  4.930000e-01   1.344590e-02
  4.950000e-01   1.344281e-02
  4.970000e-01   1.323031e-02
  4.990000e-01   1.305239e-02
  5.010000e-01   1.276351e-02
  5.030000e-01   1.272477e-02
  5.050000e-01   1.250518e-02
  5.070000e-01   1.240081e-02
  5.090000e-01   1.223292e-02
  5.110000e-01   1.207063e-02
  5.130000e-01   1.190474e-02
  5.150000e-01   1.174438e-02
  5.170000e-01   1.158937e-02
  5.190000e-01   1.144090e-02
  5.210000e-01   1.129094e-02
  5.230000e-01   1.114833e-02
  5.250000e-01   1.100855e-02
  5.270000e-01   1.082356e-02
  5.290000e-01   1.070360e-02
  5.310000e-01   1.057426e-02
  5.330000e-01   1.044191e-02
  5.350000e-01   1.032143e-02
  5.370000e-01   1.019154e-02
  5.390000e-01   1.006213e-02
  5.410000e-01   9.912883e-03
  5.430000e-01   9.807312e-03
  5.450000e-01   9.688131e-03
  5.470000e-01   9.566873e-03
  5.490000e-01   9.448873e-03
  5.510000e-01   9.331469e-03
  5.530000e-01   9.217433e-03
  5.550000e-01   9.105211e-03
  5.570000e-01   8.991041e-03
  5.590000e-01   8.880144e-03
  5.610000e-01   8.774048e-03
  5.630000e-01   8.669220e-03
  5.650000e-01   8.560517e-03
  5.670000e-01   8.453567e-03
  5.690000e-01   8.339308e-03
  5.710000e-01   8.209940e-03
  5.730000e-01   8.117831e-03
  5.750000e-01   8.021212e-03
  5.770000e-01   7.937249e-03
  5.790000e-01   7.861764e-03
  5.810000e-01   7.789866e-03
  5.830000e-01   7.701760e-03
  5.850000e-01   7.613950e-03
  5.870000e-01   7.383971e-03
  5.890000e-01   7.428310e-03
  5.910000e-01   7.357495e-03
  5.930000e-01   7.273945e-03
  5.950000e-01   7.190846e-03
  5.970000e-01   7.113282e-03
  5.990000e-01   7.032504e-03
  6.010000e-01   6.954245e-03
  6.030000e-01   6.876699e-03
  6.050000e-01   6.803149e-03
  6.070000e-01   6.727597e-03
  6.090000e-01   6.653957e-03
  6.110000e-01   6.580517e-03
  6.130000e-01   6.506538e-03
  6.150000e-01   6.435614e-03
  6.170000e-01   6.365170e-03
  6.190000e-01   6.300717e-03
  6.210000e-01   6.233472e-03
  6.230000e-01   6.163395e-03
  6.250000e-01   6.095790e-03
  6.270000e-01   6.035177e-03
  6.290000e-01   5.971453e-03
  6.310000e-01   5.905137e-03
  6.330000e-01   5.845343e-03
  6.350000e-01   5.780295e-03
  6.370000e-01   5.722292e-03
  6.390000e-01   5.664479e-03
  6.410000e-01   5.602218e-03
  6.430000e-01   5.546896e-03
  6.450000e-01   5.488833e-03
  6.470000e-01   5.431628e-03
  6.490000e-01   5.373163e-03
  6.510000e-01   5.317286e-03
  6.530000e-01   5.247712e-03
  6.550000e-01   5.074812e-03
  6.570000e-01   4.632975e-03
  6.590000e-01   5.064190e-03
  6.610000e-01   5.050914e-03
  6.630000e-01   5.007374e-03
  6.650000e-01   4.960552e-03
  6.670000e-01   4.883149e-03
  6.690000e-01   4.833481e-03
  6.710000e-01   4.815485e-03
  6.730000e-01   4.768371e-03
  6.750000e-01   4.721283e-03
  6.770000e-01   4.675521e-03
  6.790000e-01   4.628177e-03
  6.810000e-01   4.584162e-03
  6.830000e-01   4.540252e-03
  6.850000e-01   4.495728e-03
  6.870000e-01   4.453177e-03
  6.890000e-01   4.408187e-03
  6.910000e-01   4.368175e-03
  6.930000e-01   4.326433e-03
  6.950000e-01   4.285288e-03
  6.970000e-01   4.245120e-03
  6.990000e-01   4.204651e-03
  7.010000e-01   4.164664e-03
  7.030000e-01   4.125627e-03
  7.050000e-01   4.086956e-03
  7.070000e-01   4.007929e-03
  7.090000e-01   4.011345e-03
  7.110000e-01   3.972739e-03
  7.130000e-01   3.935682e-03
  7.150000e-01   3.900318e-03
  7.170000e-01   3.862247e-03
  7.190000e-01   3.827895e-03
  7.210000e-01   3.793412e-03
  7.230000e-01   3.752321e-03
  7.250000e-01   3.725203e-03
  7.270000e-01   3.691816e-03
  7.290000e-01   3.637391e-03
  7.310000e-01   3.624099e-03
  7.330000e-01   3.592279e-03
  7.350000e-01   3.560164e-03
  7.370000e-01   3.528743e-03
  7.390000e-01   3.496633e-03
  7.410000e-01   3.464336e-03
  7.430000e-01   3.434709e-03
  7.450000e-01   3.405101e-03
  7.470000e-01   3.374815e-03
  7.490000e-01   3.345107e-03
  7.510000e-01   3.315126e-03
  7.530000e-01   3.287683e-03
  7.550000e-01   3.259042e-03
  7.570000e-01   3.230576e-03
  7.590000e-01   3.200958e-03
  7.610000e-01   3.174753e-03
  7.630000e-01   3.147531e-03
  7.650000e-01   3.120685e-03
  7.670000e-01   3.093072e-03
  7.690000e-01   3.067538e-03
  7.710000e-01   3.040395e-03
  7.730000e-01   3.015713e-03
  7.750000e-01   2.989510e-03
  7.770000e-01   2.962170e-03
  7.790000e-01   2.940153e-03
  7.810000e-01   2.914406e-03
  7.830000e-01   2.890946e-03
  7.850000e-01   2.867147e-03
  7.870000e-01   2.840011e-03
  7.890000e-01   2.815399e-03
  7.910000e-01   2.793894e-03
  7.930000e-01   2.769938e-03
  7.950000e-01   2.748147e-03
  7.970000e-01   2.725649e-03
  7.990000e-01   2.704892e-03
  8.010000e-01   2.680896e-03
  8.030000e-01   2.660725e-03
  8.050000e-01   2.639004e-03
  8.070000e-01   2.619751e-03
  8.090000e-01   2.594896e-03
  8.110000e-01   2.574839e-03
  8.130000e-01   2.557172e-03
  8.150000e-01   2.533436e-03
  8.170000e-01   2.516344e-03
  8.190000e-01   2.493618e-03
  8.210000e-01   2.306375e-03
  8.230000e-01   2.290446e-03
  8.250000e-01   2.274678e-03
  8.270000e-01   2.250712e-03
  8.290000e-01   2.236918e-03
  8.310000e-01   2.217226e-03
  8.330000e-01   2.194472e-03
  8.350000e-01   2.172801e-03
  8.370000e-01   2.151196e-03
  8.390000e-01   2.137175e-03
  8.410000e-01   2.119483e-03
  8.430000e-01   2.104893e-03
  8.450000e-01   2.085355e-03
  8.470000e-01   2.053336e-03
  8.490000e-01   2.070713e-03
  8.510000e-01   2.012334e-03
  8.530000e-01   2.049463e-03
  8.550000e-01   1.950069e-03
  8.570000e-01   2.043525e-03
  8.590000e-01   1.957041e-03
  8.610000e-01   1.939546e-03
  8.630000e-01   2.010666e-03
  8.650000e-01   1.958709e-03
  8.670000e-01   1.829532e-03
  8.690000e-01   1.957447e-03
  8.710000e-01   1.963948e-03
  8.730000e-01   1.916285e-03
  8.750000e-01   1.769701e-03
  8.770000e-01   1.868917e-03
  8.790000e-01   1.906558e-03
  8.810000e-01   1.894960e-03
  8.830000e-01   1.874433e-03
  8.850000e-01   1.792380e-03
  8.870000e-01   1.686864e-03
  8.890000e-01   1.818821e-03
  8.910000e-01   1.825282e-03
  8.930000e-01   1.814554e-03
  8.950000e-01   1.804014e-03
  8.970000e-01   1.787475e-03
  8.990000e-01   1.748960e-03
  9.010000e-01   1.605906e-03
  9.030000e-01   1.663911e-03
  9.050000e-01   1.725123e-03
  9.070000e-01   1.713326e-03
  9.090000e-01   1.707851e-03
  9.110000e-01   1.700631e-03
  9.130000e-01   1.689779e-03
  9.150000e-01   1.676834e-03
  9.170000e-01   1.660046e-03
  9.190000e-01   1.644296e-03
  9.210000e-01   1.592135e-03
  9.230000e-01   1.455157e-03
  9.250000e-01   1.569315e-03
  9.270000e-01   1.593676e-03
  9.290000e-01   1.591292e-03
  9.310000e-01   1.577866e-03
  9.330000e-01   1.570978e-03
  9.350000e-01   1.557794e-03
  9.370000e-01   1.548710e-03
  9.390000e-01   1.538119e-03
  9.410000e-01   1.525001e-03
  9.430000e-01   1.515933e-03
  9.450000e-01   1.504666e-03
  9.470000e-01   1.488196e-03
  9.490000e-01   1.480983e-03
  9.510000e-01   1.456062e-03
  9.530000e-01   1.410620e-03
  9.550000e-01   1.299721e-03
  9.570000e-01   1.410263e-03
  9.590000e-01   1.424984e-03
  9.610000e-01   1.417555e-03
  9.630000e-01   1.406890e-03
  9.650000e-01   1.402394e-03
  9.670000e-01   1.392644e-03
  9.690000e-01   1.382993e-03
  9.710000e-01   1.371134e-03
  9.730000e-01   1.364897e-03
  9.750000e-01   1.355314e-03
  9.770000e-01   1.346046e-03
  9.790000e-01   1.337057e-03
  9.810000e-01   1.328098e-03
  9.830000e-01   1.319168e-03
  9.850000e-01   1.310117e-03
  9.870000e-01   1.301158e-03
  9.890000e-01   1.292141e-03
  9.910000e-01   1.282803e-03
  9.930000e-01   1.274941e-03
  9.950000e-01   1.266135e-03
  9.970000e-01   1.256985e-03
  9.990000e-01   1.247211e-03
  1.002500e+00   1.198947e-03
  1.007500e+00   1.166272e-03
  1.012500e+00   1.189926e-03
  1.017500e+00   1.175195e-03
  1.022500e+00   1.156112e-03
  1.027500e+00   1.138099e-03
  1.032500e+00   1.116863e-03
  1.037500e+00   1.101641e-03
  1.042500e+00   1.084376e-03
  1.047500e+00   1.066940e-03
  1.052500e+00   1.050485e-03
  1.057500e+00   1.034118e-03
  1.062500e+00   1.017794e-03
  1.067500e+00   1.000392e-03
  1.072500e+00   9.867111e-04
  1.077500e+00   9.715608e-04
  1.082500e+00   9.498390e-04
  1.087500e+00   9.398748e-04
  1.092500e+00   8.784357e-04
  1.097500e+00   9.005960e-04
  1.102500e+00   8.977388e-04
  1.107500e+00   8.877282e-04
  1.112500e+00   8.746615e-04
  1.117500e+00   8.619260e-04
  1.122500e+00   8.491805e-04
  1.127500e+00   8.367197e-04
  1.132500e+00   8.247456e-04
  1.137500e+00   8.130739e-04
  1.142500e+00   8.011614e-04
  1.147500e+00   7.902418e-04
  1.152500e+00   7.791481e-04
  1.157500e+00   7.679978e-04
  1.162500e+00   7.564496e-04
  1.167500e+00   7.462425e-04
  1.172500e+00   7.364614e-04
  1.177500e+00   7.256547e-04
  1.182500e+00   7.157642e-04
  1.187500e+00   7.057161e-04
  1.192500e+00   6.968030e-04
  1.197500e+00   6.842109e-04
  1.202500e+00   6.778912e-04
  1.207500e+00   6.686056e-04
  1.212500e+00   6.598269e-04
  1.217500e+00   6.511934e-04
  1.222500e+00   6.425250e-04
  1.227500e+00   6.338989e-04
  1.232500e+00   6.256767e-04
  1.237500e+00   6.174332e-04
  1.242500e+00   6.094246e-04
  1.247500e+00   6.015061e-04
  1.252500e+00   5.930755e-04
  1.257500e+00   5.860032e-04
  1.262500e+00   5.784556e-04
  1.267500e+00   5.710051e-04
  1.272500e+00   5.633652e-04
  1.277500e+00   5.505541e-04
  1.282500e+00   5.219273e-04
  1.287500e+00   5.401570e-04
  1.292500e+00   5.355253e-04
  1.297500e+00   5.278007e-04
  1.302500e+00   5.226850e-04
  1.307500e+00   5.162856e-04
  1.312500e+00   5.098002e-04
  1.317500e+00   5.034774e-04
  1.322500e+00   4.974736e-04
  1.327500e+00   4.912584e-04
  1.332500e+00   4.853779e-04
  1.337500e+00   4.794574e-04
  1.342500e+00   4.735218e-04
  1.347500e+00   4.680799e-04
  1.352500e+00   4.624343e-04
  1.357500e+00   4.568251e-04
  1.362500e+00   4.514088e-04
  1.367500e+00   4.460874e-04
  1.372500e+00   4.407273e-04
  1.377500e+00   4.356222e-04
  1.382500e+00   4.304969e-04
  1.387500e+00   4.254612e-04
  1.392500e+00   4.205426e-04
  1.397500e+00   4.156808e-04
  1.402500e+00   4.107807e-04
  1.407500e+00   4.061066e-04
  1.412500e+00   4.013470e-04
  1.417500e+00   3.968442e-04
  1.422500e+00   3.921390e-04
  1.427500e+00   3.876502e-04
  1.432500e+00   3.833717e-04
  1.437500e+00   3.790792e-04
  1.442500e+00   3.743260e-04
  1.447500e+00   3.705357e-04
  1.452500e+00   3.660665e-04
  1.457000e+00   3.625601e-04
  1.462000e+00   3.350503e-04
  1.467500e+00   3.311616e-04
  1.472500e+00   3.274462e-04
  1.477500e+00   3.238620e-04
  1.482500e+00   3.204424e-04
  1.487500e+00   3.166722e-04
  1.492500e+00   3.135306e-04
  1.497500e+00   3.101416e-04
  1.502500e+00   3.062316e-04
  1.507500e+00   3.028168e-04
  1.512500e+00   3.000544e-04
  1.517500e+00   2.969682e-04
  1.522500e+00   2.945100e-04
  1.527500e+00   2.902953e-04
  1.532500e+00   2.874286e-04
  1.537500e+00   2.856933e-04
  1.542500e+00   2.808795e-04
  1.547500e+00   2.801560e-04
  1.552500e+00   2.773767e-04
  1.557500e+00   2.715376e-04
  1.562500e+00   2.732310e-04
  1.567500e+00   2.681699e-04
  1.572500e+00   2.634147e-04
  1.577500e+00   2.652223e-04
  1.582500e+00   2.624521e-04
  1.587500e+00   2.533670e-04
  1.592500e+00   2.563421e-04
  1.597500e+00   2.557643e-04
  1.605000e+00   2.507668e-04
  1.615000e+00   2.429014e-04
  1.625000e+00   2.424879e-04
  1.635000e+00   2.362001e-04
  1.645000e+00   2.286652e-04
  1.655000e+00   2.287073e-04
  1.665000e+00   2.243004e-04
  1.675000e+00   2.182629e-04
  1.685000e+00   2.112565e-04
  1.695000e+00   2.117093e-04
  1.705000e+00   2.073147e-04
  1.715000e+00   2.039060e-04
  1.725000e+00   1.998389e-04
  1.735000e+00   1.911217e-04
  1.745000e+00   1.921189e-04
  1.755000e+00   1.892823e-04
  1.765000e+00   1.858703e-04
  1.775000e+00   1.825618e-04
  1.785000e+00   1.792999e-04
  1.795000e+00   1.761368e-04
  1.805000e+00   1.728701e-04
  1.815000e+00   1.657487e-04
  1.825000e+00   1.661001e-04
  1.835000e+00   1.641005e-04
  1.845000e+00   1.612761e-04
  1.855000e+00   1.585076e-04
  1.865000e+00   1.551994e-04
  1.875000e+00   1.490905e-04
  1.885000e+00   1.504285e-04
  1.895000e+00   1.480165e-04
  1.905000e+00   1.454923e-04
  1.915000e+00   1.432881e-04
  1.925000e+00   1.409256e-04
  1.935000e+00   1.383375e-04
  1.945000e+00   1.326569e-04
  1.955000e+00   1.338258e-04
  1.965000e+00   1.319958e-04
  1.975000e+00   1.298584e-04
  1.985000e+00   1.278292e-04
  1.995000e+00   1.258027e-04
  2.005000e+00   1.238426e-04
  2.015000e+00   1.219074e-04
  2.025000e+00   1.199831e-04
  2.035000e+00   1.181000e-04
  2.045000e+00   1.162920e-04
  2.055000e+00   1.144169e-04
  2.065000e+00   1.127223e-04
  2.075000e+00   1.110095e-04
  2.085000e+00   1.093276e-04
  2.095000e+00   1.076490e-04
  2.105000e+00   1.060376e-04
  2.115000e+00   1.042750e-04
  2.125000e+00   1.028608e-04
  2.135000e+00   1.013281e-04
  2.145000e+00   9.979528e-05
  2.155000e+00   9.819288e-05
  2.165000e+00   9.446045e-05
  2.175000e+00   9.517437e-05
  2.185000e+00   9.397666e-05
  2.195000e+00   9.265098e-05
  2.205000e+00   9.126621e-05
  2.215000e+00   8.993940e-05
  2.225000e+00   8.862781e-05
  2.235000e+00   8.734338e-05
  2.245000e+00   8.608153e-05
  2.255000e+00   8.481643e-05
  2.265000e+00   8.359879e-05
  2.275000e+00   8.238535e-05
  2.285000e+00   7.622721e-05
  2.295000e+00   7.505852e-05
  2.305000e+00   7.418737e-05
  2.315000e+00   7.326221e-05
  2.325000e+00   7.212569e-05
  2.335000e+00   7.133949e-05
  2.345000e+00   7.048553e-05
  2.355000e+00   6.940808e-05
  2.365000e+00   6.866414e-05
  2.375000e+00   6.785784e-05
  2.385000e+00   6.685132e-05
  2.395000e+00   6.613479e-05
  2.405000e+00   6.534464e-05
  2.415000e+00   6.441544e-05
  2.425000e+00   6.379990e-05
  2.435000e+00   6.298106e-05
  2.445000e+00   6.215127e-05
  2.455000e+00   6.153044e-05
  2.465000e+00   6.077710e-05
  2.475000e+00   6.001226e-05
  2.485000e+00   5.946207e-05
  2.495000e+00   5.850056e-05
  2.505000e+00   5.827469e-05
  2.515000e+00   5.748308e-05
  2.525000e+00   5.645469e-05
  2.535000e+00   5.617978e-05
  2.545000e+00   5.560323e-05
  2.555000e+00   5.490350e-05
  2.565000e+00   5.386293e-05
  2.575000e+00   5.373039e-05
  2.585000e+00   5.315939e-05
  2.595000e+00   5.259083e-05
  2.605000e+00   5.186448e-05
  2.615000e+00   5.081243e-05
  2.625000e+00   4.973934e-05
  2.635000e+00   5.021344e-05
  2.645000e+00   4.979205e-05
  2.655000e+00   4.923909e-05
  2.665000e+00   4.862056e-05
  2.675000e+00   4.760362e-05
  2.685000e+00   4.762007e-05
  2.695000e+00   4.720848e-05
  2.705000e+00   4.672400e-05
  2.715000e+00   4.623597e-05
  2.725000e+00   4.575094e-05
  2.735000e+00   4.526369e-05
  2.745000e+00   4.475381e-05
  2.755000e+00   4.376229e-05
  2.765000e+00   4.365661e-05
  2.775000e+00   4.340103e-05
  2.785000e+00   4.298036e-05
  2.795000e+00   4.254906e-05
  2.805000e+00   4.211531e-05
  2.815000e+00   4.168502e-05
  2.825000e+00   4.125912e-05
  2.835000e+00   4.084510e-05
  2.845000e+00   4.043151e-05
  2.855000e+00   4.000553e-05
  2.865000e+00   3.947844e-05
  2.875000e+00   3.863136e-05
  2.885000e+00   3.878555e-05
  2.895000e+00   3.845032e-05
  2.905000e+00   3.807588e-05
  2.915000e+00   3.770075e-05
  2.925000e+00   3.732931e-05
  2.935000e+00   3.696664e-05
  2.945000e+00   3.660244e-05
  2.955000e+00   3.624766e-05
  2.965000e+00   3.589385e-05
  2.975000e+00   3.554430e-05
  2.985000e+00   3.519978e-05
  2.995000e+00   3.486021e-05
  3.005000e+00   3.452073e-05
  3.015000e+00   3.418456e-05
  3.025000e+00   3.382829e-05
  3.035000e+00   3.310625e-05
  3.045000e+00   3.297919e-05
  3.055000e+00   3.287456e-05
  3.065000e+00   3.257767e-05
  3.075000e+00   3.227156e-05
  3.085000e+00   3.196318e-05
  3.095000e+00   3.165920e-05
  3.105000e+00   3.136028e-05
  3.115000e+00   3.105418e-05
  3.125000e+00   3.076734e-05
  3.135000e+00   3.047895e-05
  3.145000e+00   3.019048e-05
  3.155000e+00   2.990336e-05
  3.165000e+00   2.962511e-05
  3.175000e+00   2.934540e-05
  3.185000e+00   2.907167e-05
  3.195000e+00   2.879851e-05
  3.210000e+00   2.839292e-05
  3.230000e+00   2.786378e-05
  3.250000e+00   2.734450e-05
  3.270000e+00   2.683181e-05
  3.290000e+00   2.469904e-05
  3.310000e+00   2.450361e-05
  3.330000e+00   2.417631e-05
  3.350000e+00   2.381168e-05
  3.370000e+00   2.345039e-05
  3.390000e+00   2.309617e-05
  3.410000e+00   2.275045e-05
  3.430000e+00   2.241455e-05
  3.450000e+00   2.208208e-05
  3.470000e+00   2.175905e-05
  3.490000e+00   2.144075e-05
  3.510000e+00   2.113197e-05
  3.530000e+00   2.082860e-05
  3.550000e+00   2.052910e-05
  3.570000e+00   2.023438e-05
  3.590000e+00   1.996365e-05
  3.610000e+00   1.966527e-05
  3.630000e+00   1.941020e-05
  3.650000e+00   1.911569e-05
  3.670000e+00   1.887817e-05
  3.690000e+00   1.858446e-05
  3.710000e+00   1.835566e-05
  3.730000e+00   1.804305e-05
  3.750000e+00   1.773250e-05
  3.770000e+00   1.762828e-05
  3.790000e+00   1.739683e-05
  3.810000e+00   1.713405e-05
  3.830000e+00   1.691453e-05
  3.850000e+00   1.671437e-05
  3.870000e+00   1.649377e-05
  3.890000e+00   1.626859e-05
  3.910000e+00   1.600848e-05
  3.930000e+00   1.585039e-05
  3.950000e+00   1.564696e-05
  3.970000e+00   1.544401e-05
  3.990000e+00   1.524158e-05
  4.010000e+00   1.501551e-05
  4.030000e+00   1.480130e-05
  4.050000e+00   1.455325e-05
  4.070000e+00   1.446539e-05
  4.090000e+00   1.428433e-05
  4.110000e+00   1.410198e-05
  4.130000e+00   1.391874e-05
  4.150000e+00   1.373662e-05
  4.170000e+00   1.350392e-05
  4.190000e+00   1.338628e-05
  4.210000e+00   1.322117e-05
  4.230000e+00   1.305419e-05
  4.250000e+00   1.288487e-05
  4.270000e+00   1.272155e-05
  4.290000e+00   1.254036e-05
  4.310000e+00   1.237400e-05
  4.330000e+00   1.222362e-05
  4.350000e+00   1.204731e-05
  4.370000e+00   1.184241e-05
  4.390000e+00   1.172951e-05
  4.410000e+00   1.157844e-05
  4.430000e+00   1.143589e-05
  4.450000e+00   1.128782e-05
  4.470000e+00   1.064560e-05
  4.490000e+00   1.058522e-05
  4.510000e+00   1.051356e-05
  4.530000e+00   1.043662e-05
  4.550000e+00   1.037600e-05
  4.570000e+00   1.031454e-05
  4.590000e+00   1.024094e-05
  4.610000e+00   1.018544e-05
  4.630000e+00   1.011999e-05
  4.650000e+00   9.995626e-06
  4.670000e+00   9.951304e-06
  4.690000e+00   9.942372e-06
  4.710000e+00   9.896463e-06
  4.730000e+00   9.847364e-06
  4.750000e+00   9.791292e-06
  4.770000e+00   9.739351e-06
  4.790000e+00   9.690139e-06
  4.810000e+00   9.635849e-06
  4.830000e+00   9.592460e-06
  4.850000e+00   9.543112e-06
  4.870000e+00   9.494017e-06
  4.890000e+00   9.448655e-06
  4.910000e+00   9.402861e-06
  4.930000e+00   9.358365e-06
  4.950000e+00   9.314295e-06
  4.970000e+00   9.271713e-06
  4.990000e+00   9.230176e-06
  5.010000e+00   9.190307e-06
  5.030000e+00   9.151030e-06
  5.050000e+00   9.109824e-06
  5.070000e+00   9.072981e-06
  5.090000e+00   9.037327e-06
  5.110000e+00   8.994562e-06
  5.130000e+00   8.922160e-06
  5.150000e+00   8.926064e-06
  5.170000e+00   8.897746e-06
  5.190000e+00   8.861352e-06
  5.210000e+00   8.828359e-06
  5.230000e+00   8.795692e-06
  5.250000e+00   8.765163e-06
  5.270000e+00   8.734941e-06
  5.290000e+00   8.701417e-06
  5.310000e+00   8.672015e-06
  5.330000e+00   8.642313e-06
  5.350000e+00   8.613507e-06
  5.370000e+00   8.585389e-06
  5.390000e+00   8.557364e-06
  5.410000e+00   8.529430e-06
  5.430000e+00   8.500608e-06
  5.450000e+00   8.475591e-06
  5.470000e+00   8.449286e-06
  5.490000e+00   8.422868e-06
  5.510000e+00   8.398080e-06
  5.530000e+00   8.374714e-06
  5.550000e+00   8.347569e-06
  5.570000e+00   8.325685e-06
  5.590000e+00   8.300801e-06
  5.610000e+00   8.277515e-06
  5.630000e+00   8.254295e-06
  5.650000e+00   8.232657e-06
  5.670000e+00   8.210318e-06
  5.690000e+00   8.187475e-06
  5.710000e+00   8.167140e-06
  5.730000e+00   8.145730e-06
  5.750000e+00   8.125124e-06
  5.770000e+00   8.104384e-06
  5.790000e+00   8.084813e-06
  5.810000e+00   8.064547e-06
  5.830000e+00   8.045258e-06
  5.850000e+00   8.027125e-06
  5.870000e+00   8.007372e-06
  5.890000e+00   7.985645e-06
  5.910000e+00   7.944197e-06
  5.930000e+00   7.950968e-06
  5.950000e+00   7.934873e-06
  5.970000e+00   7.917900e-06
  5.990000e+00   7.900599e-06
  6.010000e+00   7.883698e-06
  6.030000e+00   7.867015e-06
  6.050000e+00   7.850187e-06
  6.070000e+00   7.833936e-06
  6.090000e+00   7.818078e-06
  6.110000e+00   7.802252e-06
  6.130000e+00   7.786997e-06
  6.150000e+00   7.771592e-06
  6.170000e+00   7.756754e-06
  6.190000e+00   7.741944e-06
  6.210000e+00   7.727340e-06
  6.230000e+00   7.712763e-06
  6.250000e+00   7.698569e-06
  6.270000e+00   7.684578e-06
  6.290000e+00   7.670965e-06
  6.310000e+00   7.657376e-06
  6.330000e+00   7.643988e-06
  6.350000e+00   7.630799e-06
  6.370000e+00   7.617983e-06
  6.390000e+00   7.604839e-06
  6.420000e+00   7.585950e-06
  6.460000e+00   7.561361e-06
  6.500000e+00   7.537546e-06
  6.540000e+00   7.514152e-06
  6.580000e+00   7.491521e-06
  6.620000e+00   7.469474e-06
  6.660000e+00   7.448006e-06
  6.700000e+00   7.427283e-06
  6.740000e+00   7.406960e-06
  6.780000e+00   7.387032e-06
  6.820000e+00   7.367837e-06
  6.860000e+00   7.349030e-06
  6.900000e+00   7.330777e-06
  6.940000e+00   7.312906e-06
  6.980000e+00   7.295415e-06
  7.020000e+00   7.278468e-06
  7.060000e+00   7.261896e-06
  7.100000e+00   7.245694e-06
  7.140000e+00   7.230028e-06
  7.180000e+00   7.214729e-06
  7.220000e+00   7.199627e-06
  7.260000e+00   7.184888e-06
  7.300000e+00   7.170674e-06
  7.340000e+00   7.156654e-06
  7.380000e+00   7.142989e-06
  7.420000e+00   7.129023e-06
  7.460000e+00   7.109679e-06
  7.500000e+00   7.096921e-06
  7.540000e+00   7.091041e-06
  7.580000e+00   7.079132e-06
  7.620000e+00   7.067243e-06
  7.660000e+00   7.055536e-06
  7.700000e+00   7.044173e-06
  7.740000e+00   7.032990e-06
  7.780000e+00   7.021987e-06
  7.820000e+00   7.011162e-06
  7.860000e+00   7.000676e-06
  7.900000e+00   6.990367e-06
  7.940000e+00   6.980395e-06
  7.980000e+00   6.970437e-06
  8.020000e+00   6.960814e-06
  8.060000e+00   6.951203e-06
  8.100000e+00   6.941926e-06
  8.140000e+00   6.932821e-06
  8.180000e+00   6.923887e-06
  8.220000e+00   6.915124e-06
  8.260000e+00   6.906532e-06
  8.300000e+00   6.897949e-06
  8.340000e+00   6.889695e-06
  8.380000e+00   6.881451e-06
  8.420000e+00   6.873533e-06
  8.460000e+00   6.865624e-06
  8.500000e+00   6.857882e-06
  8.540000e+00   6.850306e-06
  8.580000e+00   6.842897e-06
  8.620000e+00   6.835495e-06
  8.660000e+00   6.828259e-06
  8.700000e+00   6.821031e-06
  8.740000e+00   6.814123e-06
  8.780000e+00   6.807223e-06
  8.820000e+00   6.800487e-06
  8.860000e+00   6.793913e-06
  8.900000e+00   6.787346e-06
  8.940000e+00   6.780942e-06
  8.980000e+00   6.774543e-06
  9.020000e+00   6.768306e-06
  9.060000e+00   6.762231e-06
  9.100000e+00   6.756161e-06
  9.140000e+00   6.750097e-06
  9.180000e+00   6.744193e-06
  9.220000e+00   6.738450e-06
  9.260000e+00   6.732711e-06
  9.300000e+00   6.727133e-06
  9.340000e+00   6.721559e-06
  9.380000e+00   6.715989e-06
  9.420000e+00   6.710579e-06
  9.460000e+00   6.705328e-06
  9.500000e+00   6.700080e-06
  9.540000e+00   6.694837e-06
  9.580000e+00   6.689752e-06
  9.620000e+00   6.684670e-06
  9.660000e+00   6.679593e-06
  9.700000e+00   6.674673e-06
  9.740000e+00   6.669910e-06
  9.780000e+00   6.664998e-06
  9.820000e+00   6.660242e-06
  9.860000e+00   6.655643e-06
  9.900000e+00   6.650894e-06
  9.940000e+00   6.646454e-06
  9.980000e+00   6.641864e-06
  1.002000e+01   6.637278e-06
  2.000000e+01   6.119416e-06
  4.000000e+01   5.430127e-06
  6.000000e+01   4.750836e-06
  8.000000e+01   4.072021e-06
  1.000000e+02   3.393360e-06
  1.200000e+02   2.714688e-06
  1.400000e+02   2.036010e-06
  1.600000e+02   1.357344e-06
